-4.572540394542663194e+02 -2.635166220460165505e+02
-1.373966348809395186e+03 -8.819021988372028318e+02
-2.698973796011907325e+03 -1.775610193250747670e+03
-4.385928142428232604e+03 -2.913484411982078200e+03
-6.406007239397723424e+03 -4.275967733415373004e+03
-8.738492481431678243e+03 -5.849288087853711659e+03
-1.136751261275215256e+04 -7.622199589874564481e+03
-1.428036845757030278e+04 -9.586824620859946663e+03
-1.746623740396602443e+04 -1.173544535111099503e+04
3.827261002989148437e+02 -1.973791797222217497e+02
1.385025729395599228e+03 -6.647410240043610656e+02
2.833484285390162313e+03 -1.340129385198348473e+03
4.677646957965199363e+03 -2.200034129569306970e+03
6.886080542690775474e+03 -3.229763831554166700e+03
9.435935068313014199e+03 -4.418446800128427640e+03
1.231007426343429870e+04 -5.758260446293004861e+03
1.549445276670604107e+04 -7.242664050839525771e+03
1.903426301584051907e+04 -8.741436910414915474e+03
-9.400321264585055303e+01 4.418343809251641687e+02
-1.809371483647862533e+02 1.435278389060598329e+03
-3.153190604855281549e+02 2.970477645790588213e+03
-4.665991207655702055e+02 4.698629469570572837e+03
-6.582195438646471075e+02 6.887266918273766350e+03
-8.794694410618711800e+02 9.414645332333589977e+03
-1.128822953626385470e+03 1.226302395552330381e+04
-1.405125999601496233e+03 1.541887769403439961e+04
-1.707320391772668472e+03 1.887060407337579090e+04
