-5.449719706744497216e+02 -9.981674943343891471e+01
-5.180190622184435369e+02 -1.129103683519981018e+02
-5.089848078430266014e+02 -9.242513024326173365e+01
-5.538554971334194761e+02 -6.476743486689348117e+01
-6.189071483712449435e+02 -6.808931612737796968e+01
-4.089342705814865440e+02 1.184646148635376051e+01
-3.023188520009464355e+02 -2.105359647095210676e+02
-5.834777703957951189e+02 -3.383230934496619966e+02
-7.889737513289120443e+02 1.147789380591649433e+01
-6.405337937452487722e+02 1.800766637923753137e+02
-2.759335384494393679e+02 2.401089305323025656e+02
-1.481059269421778026e+02 1.686493292036498133e+02
-1.070970551266625392e+02 -4.652302645094101194e+02
-5.711528962119508606e+02 -5.599563079388660753e+02
-1.285445239240696992e+03 -2.557718090742864376e+02
-1.180323733113235221e+03 2.675949734863541494e+02
-1.040518618041851823e+03 4.243465599106102673e+02
-6.507338629709482802e+02 2.761612082692986974e+02
-3.256909340555745871e+02 3.812937479664461762e+02
-3.753317881731639716e+01 2.139068398623436735e+02
1.424140208969138826e+02 2.203766523328807523e+02
3.021950556979622888e+02 2.339039179271380817e+02
-5.475523397851150094e+02 -7.571089352775543375e+02
-4.692534135241938884e+02 -1.078991629486126840e+03
-1.156995680886789160e+03 5.557246590776516086e+02
-9.365786554867521545e+02 5.690989865128210567e+02
-1.613263295637726969e+03 8.446192173942539512e+02
-2.916849162903617980e+02 1.098508575496652384e+03
2.335099868637951204e+01 6.521115448342571881e+02
6.868963953593239466e+02 6.955008582894951132e+02
1.679778856474722943e+03 8.872787935769515570e+02
2.474136713197644895e+03 -2.616582893150365635e+03
-5.279459241137265053e+02 -2.912083790769280768e+03
-3.526996838650154132e+03 -2.099193233225767926e+03
-2.714090063466808260e+03 8.997915084126696001e+02
-5.126475377073636537e+02 3.091581439828788007e+03
