-93.14292454 -745.9594809 -1.941492838
103.7166566 -847.9917404 -4.492461166
210.9519612 -760.3395825 -7.722003145
-201.6202627 -507.5851383 2.951531452
210.9983374 -883.4663621 -6.966940771
-115.7063626 -1075.443396 6.891886507
278.4170757 -571.5711321 -11.94579167
-370.9743358 -604.1237343 -0.592510746
159.5060551 -1067.094353 -1.914648891
28.89945077 -305.4170846 -2.93440994
-322.5251719 -1004.125527 -3.523531944
-405.2355233 -342.1436331 -1.631073652
-235.4166998 -182.5357693 0.433037607
-588.9825375 -511.8803954 -3.700789767
442.0178226 -1210.840727 -7.453735492
664.4987582 -652.3727712 -21.8190797
186.6412212 -1550.361343 -8.703981158
336.2164809 47.5583012 -7.732028162
-175.9057296 -1647.546291 2.32885338
738.7298503 -82.15574023 -22.70625636
755.8413206 -1622.601264 6.020971975
-768.8428762 -1726.664524 -12.40502338
1123.288651 -455.2698864 -48.84410577
-1137.979807 9.995963548 -19.62539408
386.3476965 -1962.095365 13.56319193
448.2469953 646.1269628 -10.66960173
-1275.851495 -1433.665865 -34.63327806
1241.720549 -1079.905151 -31.51453723
-883.2209323 539.7100503 8.238992337
-124.3585508 -2293.772461 -9.807477083
1145.061894 515.9088394 -40.82860935
-1700.499584 -820.6421264 -29.47741911
1365.742594 -1889.698289 26.4958042
-452.4801064 1329.185665 2.539863632
384.7919548 -367.4568568 -11.98122352
-2807.877 1412.598 -66.202
-1195.851 2825.334 17.292
2280.787 1505.548 -114.843
-1175.121588 -1860.249587 -36.16558544
1691.043 -3392.262 -15.496
4763.027 -2555.54 -59.388
2972.535 1946.262 -125.463
3691.342 4644.145 -158.006
