-9.835100333999999833e+00 -6.638265956999999844e+02
-3.389412595999999667e+01 -7.127516484000000219e+02
-1.745390886999999935e+01 -7.096086972000000515e+02
-5.421013145999999949e+00 -7.237911044999999604e+02
-5.940429340000000025e+01 -6.675717395000000352e+02
-7.690232093000000191e+01 -7.181727584000000206e+02
2.757334668000000022e+01 -8.273978100000000495e+02
-1.515894297000000002e+00 -6.168272740999999542e+02
-1.188674637000000018e+02 -5.826093161999999666e+02
8.909395347999999615e+01 -5.999596999999999980e+02
-2.051490474999999947e+02 -7.246895117000000255e+02
1.037166565999999932e+02 -8.479917404000000261e+02
-6.264949424999999650e+01 -5.190658412000000226e+02
-1.360704531000000088e+02 -9.020861115999999811e+02
5.874951451999999819e+01 -9.396691061999999874e+02
-2.326386132000000089e+02 -8.622150074999999561e+02
2.094634823999999895e+01 -7.214646460000000161e+02
1.073987943000000023e+01 -6.595673637999999528e+02
-3.413008889000000323e+01 -1.015687840000000051e+03
1.496052589999999896e+02 -4.915834662999999978e+02
-3.205652289999999880e+02 -7.638611243999999942e+02
2.109983373999999969e+02 -8.834663620999999694e+02
-7.116718633000000693e+01 -4.273935078999999746e+02
-1.157063626000000056e+02 -1.075443395999999893e+03
-3.709743358000000057e+02 -6.041237343000000237e+02
1.595060550999999975e+02 -1.067094352999999956e+03
2.889945077000000140e+01 -3.054170846000000097e+02
-3.225251718999999753e+02 -1.004125527000000034e+03
4.270133243000000220e+02 -7.414835190999999668e+02
-4.052355233000000112e+02 -3.421436330999999882e+02
1.761245514999999884e+01 -1.214453361999999970e+03
2.320339731999999913e+02 -2.966819557000000032e+02
-5.033144245999999953e+02 -8.154663637999999537e+02
4.209728448999999841e+02 -9.727737656000000470e+02
-2.354166998000000035e+02 -1.825357692999999983e+02
-2.038338622999999927e+02 -1.306430276000000049e+03
4.611792145000000005e+02 -4.038450783999999771e+02
-5.889825375000000349e+02 -5.118803953999999976e+02
-1.340818846999999892e+02 -1.268798680999999988e+03
3.847919547999999850e+02 -3.674568568000000255e+02
