6.276150000000000000e+05 7.452488000000000000e+06
6.282870000000000000e+05 7.453384000000000000e+06
6.272370000000000000e+05 7.453285000000000000e+06
6.266930000000000000e+05 7.453811000000000000e+06
6.281990000000000000e+05 7.451828000000000000e+06
6.282830000000000000e+05 7.454433000000000000e+06
6.265430000000000000e+05 7.452370000000000000e+06
6.290610000000000000e+05 7.452702000000000000e+06
6.269520000000000000e+05 7.454338000000000000e+06
6.276860000000000000e+05 7.451501000000000000e+06
6.289780000000000000e+05 7.454297000000000000e+06
6.261240000000000000e+05 7.452986000000000000e+06
6.291780000000000000e+05 7.451892000000000000e+06
6.273890000000000000e+05 7.455123000000000000e+06
6.266400000000000000e+05 7.451943000000000000e+06
6.276850000000000000e+05 7.452525000000000000e+06
6.282110000000000000e+05 7.453421000000000000e+06
6.272400000000000000e+05 7.453368000000000000e+06
6.301210000000000000e+05 7.455276000000000000e+06
6.266590999999999767e+05 7.456623900000000373e+06
6.247715629999999655e+05 7.455172946000000462e+06
6.308158000000000466e+05 7.455710400000000373e+06
6.294901999999999534e+05 7.450388200000000186e+06
6.250367179999999935e+05 7.455226339999999851e+06
6.317344000000000233e+05 7.451128599999999627e+06
6.315210000000000000e+05 7.455321000000000000e+06
6.230186439999999711e+05 7.454977472000000067e+06
6.312759000000000233e+05 7.446977700000000186e+06
6.315568000000000466e+05 7.458399500000000000e+06
6.316311999999999534e+05 7.455746799999999814e+06
6.312695999999999767e+05 7.450944900000000373e+06
6.317780000000000000e+05 7.456289000000000000e+06
6.325662070000000531e+05 7.451197923000000417e+06
6.313580000000000000e+05 7.455681000000000000e+06
6.330855000000000000e+05 7.461307299999999814e+06
6.261599000000000233e+05 7.457081799999999814e+06
6.259019000000000233e+05 7.457210200000000186e+06
6.234267299999999814e+05 7.455064995000000112e+06
6.301780000000000000e+05 7.448780099999999627e+06
6.321794000000000233e+05 7.456591200000000186e+06
6.331550000000000000e+05 7.447659000000000000e+06
6.319800999999999767e+05 7.456899000000000000e+06
6.213579150000000373e+05 7.454974905000000261e+06
6.311149000000000233e+05 7.447761900000000373e+06
6.327420000000000000e+05 7.459525299999999814e+06
6.215456850000000559e+05 7.454325342000000179e+06
6.316847430000000168e+05 7.457414718000000343e+06
6.340620000000000000e+05 7.447310000000000000e+06
6.200862950000000419e+05 7.453669776999999769e+06
6.343424379999999655e+05 7.461615514999999665e+06
