1.037166565999999932e+02 -8.479917404000000261e+02
-3.225251718999999753e+02 -1.004125527000000034e+03
-2.354166998000000035e+02 -1.825357692999999983e+02
-5.889825375000000349e+02 -5.118803953999999976e+02
4.420178225999999881e+02 -1.210840727000000015e+03
6.644987581999999975e+02 -6.523727711999999883e+02
1.866412211999999897e+02 -1.550361343000000033e+03
3.362164809000000218e+02 4.755830120000000250e+01
-1.759057296000000008e+02 -1.647546291000000110e+03
7.387298502999999528e+02 -8.215574023000000636e+01
7.558413206000000173e+02 -1.622601263999999901e+03
-7.688428761999999779e+02 -1.726664524000000029e+03
1.123288651000000073e+03 -4.552698864000000185e+02
-1.137979806999999937e+03 9.995963548000000642e+00
3.863476964999999836e+02 -1.962095364999999902e+03
4.482469952999999805e+02 6.461269628000000012e+02
-1.275851495000000114e+03 -1.433665864999999940e+03
1.241720548999999892e+03 -1.079905150999999933e+03
-8.832209322999999586e+02 5.397100503000000344e+02
-1.243585508000000033e+02 -2.293772461000000021e+03
1.145061893999999938e+03 5.159088394000000335e+02
-1.700499583999999913e+03 -8.206421264000000519e+02
1.365742594000000054e+03 -1.889698288999999932e+03
-4.524801064000000110e+02 1.329185664999999972e+03
-1.175121587999999974e+03 -1.860249587000000020e+03
3.847919547999999850e+02 -3.674568568000000255e+02
-2.807876999999999953e+03 1.412597999999999956e+03
-1.708957000000000107e+03 3.351726999999999862e+03
-1.195851000000000113e+03 2.825333999999999833e+03
1.691042999999999893e+03 -3.392262000000000171e+03
3.339556999999999789e+03 -6.006990999999999985e+03
3.931032999999999902e+03 -2.632016000000000076e+03
4.763027000000000044e+03 -2.555539999999999964e+03
2.280786999999999807e+03 1.505548000000000002e+03
3.681679000000000087e+03 1.562488000000000056e+03
2.972534999999999854e+03 1.946261999999999944e+03
3.691342000000000098e+03 4.644145000000000437e+03
4.868029999999999745e+03 5.781006999999999607e+03
-6.487805000000000291e+03 1.129568999999999960e+03
3.507391000000000076e+03 -6.790525999999999840e+03
5.382372000000000298e+03 -6.092567000000000007e+03
3.788365999999999985e+03 1.989624000000000024e+03
3.827768000000000029e+03 3.659534999999999854e+03
