8.789855978174116444e+02 -2.060275708968242543e+04 -2.534683320449221355e+01
7.363643738857879271e+02 -2.059041627616082042e+04 -2.528895206642846460e+01
5.918669367224713369e+02 -2.057498035401676316e+04 -2.522410051474798820e+01
4.492472564169465841e+02 -2.056263109831880865e+04 -2.517265092772140633e+01
3.047517502956056887e+02 -2.055027777279535803e+04 -2.512430277906241827e+01
1.621335240567182154e+02 -2.053792006865211442e+04 -2.507927694792851980e+01
1.763947120481202546e+01 -2.052246705069837481e+04 -2.502748594631339074e+01
-1.249772105711419954e+02 -2.051010091851752077e+04 -2.498889351494653965e+01
-2.694696957425162509e+02 -2.049773047966152444e+04 -2.495356901840932551e+01
-4.120849204717148950e+02 -2.048535590534003131e+04 -2.492140811224999197e+01
-4.496148515017503087e+02 -2.047917028925337945e+04 -2.490406449984220671e+01
-5.021571693034932196e+02 -2.047607399950547551e+04 -2.489803703684810898e+01
-1.742496892605070570e+03 -2.036141490000191698e+04 -2.474863797525176778e+01
-1.813800722655373875e+03 -2.035520648826817342e+04 -2.474865086400131986e+01
