1.593453511000000056e+01 -7.006757482000000437e+02
-9.314292453999999566e+01 -7.459594809000000168e+02
2.382622675999999995e+00 -7.632855571999999711e+02
8.909395347999999615e+01 -5.999596999999999980e+02
1.037166565999999932e+02 -8.479917404000000261e+02
-6.264949424999999650e+01 -5.190658412000000226e+02
-1.360704531000000088e+02 -9.020861115999999811e+02
2.109519611999999995e+02 -7.603395825000000059e+02
-2.016202627000000120e+02 -5.075851382999999828e+02
1.496052589999999896e+02 -4.915834662999999978e+02
-3.205652289999999880e+02 -7.638611243999999942e+02
2.109983373999999969e+02 -8.834663620999999694e+02
-7.116718633000000693e+01 -4.273935078999999746e+02
-1.157063626000000056e+02 -1.075443395999999893e+03
2.784170756999999981e+02 -5.715711320999999998e+02
-3.709743358000000057e+02 -6.041237343000000237e+02
1.595060550999999975e+02 -1.067094352999999956e+03
2.889945077000000140e+01 -3.054170846000000097e+02
-3.225251718999999753e+02 -1.004125527000000034e+03
-4.052355233000000112e+02 -3.421436330999999882e+02
-2.354166998000000035e+02 -1.825357692999999983e+02
-5.889825375000000349e+02 -5.118803953999999976e+02
4.420178225999999881e+02 -1.210840727000000015e+03
6.644987581999999975e+02 -6.523727711999999883e+02
1.866412211999999897e+02 -1.550361343000000033e+03
3.362164809000000218e+02 4.755830120000000250e+01
-1.759057296000000008e+02 -1.647546291000000110e+03
7.387298502999999528e+02 -8.215574023000000636e+01
-7.688428761999999779e+02 -1.726664524000000029e+03
1.123288651000000073e+03 -4.552698864000000185e+02
-1.137979806999999937e+03 9.995963548000000642e+00
3.863476964999999836e+02 -1.962095364999999902e+03
4.482469952999999805e+02 6.461269628000000012e+02
-1.275851495000000114e+03 -1.433665864999999940e+03
1.241720548999999892e+03 -1.079905150999999933e+03
-8.832209322999999586e+02 5.397100503000000344e+02
-1.243585508000000033e+02 -2.293772461000000021e+03
-1.340818846999999892e+02 -1.268798680999999988e+03
3.847919547999999850e+02 -3.674568568000000255e+02
7.558413206000000173e+02 -1.622601263999999901e+03
1.145061893999999938e+03 5.159088394000000335e+02
-1.700499583999999913e+03 -8.206421264000000519e+02
-4.524801064000000110e+02 1.329185664999999972e+03
