-5.246977564932358717e+01 -3.266880759875804330e+01
-9.310357003447754209e+01 -1.790006843043067875e+01
-1.304548724580394889e+02 -4.308603621067256029e+01
-1.780021608276666427e+02 -7.516248761854123472e+01
-2.351968115870217559e+02 -1.137514819883894859e+02
-3.009655640377563373e+02 -1.581110037719971615e+02
-3.750955630121223976e+02 -2.081164619426880336e+02
-4.572540394542663194e+02 -2.635166220460165505e+02
-5.470872048261592226e+02 -3.241343821876220659e+02
-4.897443161204469675e+01 -7.252915785175849805e+01
-1.530137316679388704e+01 -1.177624903364026920e+01
2.556023802856606864e+01 -3.083774220835642410e+01
7.767003356526099367e+01 -5.515660308271736767e+01
1.398768146270033981e+02 -8.414885189063589621e+01
2.117938495927766098e+02 -1.176825139968080407e+02
2.929174907644243717e+02 -1.555216053823201321e+02
3.827261002989148437e+02 -1.973791797222217497e+02
4.809258795724938409e+02 -2.431930184857086488e+02
-6.074348897240336953e+01 6.181390269832869677e+01
-6.770419830803837158e+01 1.414953871020800307e+02
-7.917947740270102486e+01 2.725158000983494162e+02
-9.400321264585055303e+01 4.418343809251641687e+02
-1.117437285866037939e+02 6.447120719092376930e+02
-1.322511436700632430e+02 8.788942596955076851e+02
-1.553485913177601390e+02 1.142849722804105340e+03
-1.809371483647862533e+02 1.435278389060598329e+03
-2.089388733309450572e+02 1.755153126346956014e+03
