3.133109651611262507e+03 9.071205933410086573e+02
3.142489750947219818e+03 9.426003892620919942e+02
3.109287632834813849e+03 8.901624248699872624e+02
3.074832927493484476e+03 9.121271591461254502e+02
3.017757274211322510e+03 8.615807248793144026e+02
3.039285607394018825e+03 8.314144993993174921e+02
3.123072418458079028e+03 8.189715841787574391e+02
3.051744510787392301e+03 7.117682679458968096e+02
3.047721581714733929e+03 5.794860316598487771e+02
3.173663427137142662e+03 7.433345910783330055e+02
3.229397902744450221e+03 6.024966219563063987e+02
3.225316779114895780e+03 7.622801950723047639e+02
3.281318689705184624e+03 7.461852110068964521e+02
3.378091453558939520e+03 7.208739088600223113e+02
3.422022838351475002e+03 8.286382320828120100e+02
3.352058617816587230e+03 8.953009292960523453e+02
3.429575315487434636e+03 9.284304627252989803e+02
3.341035932791095092e+03 1.002084614035809636e+03
3.247067562996223387e+03 8.684995006719477715e+02
3.312154695358798108e+03 8.292270759268378697e+02
3.238400202398733654e+03 8.147238929656448363e+02
2.845366036022891421e+03 7.872253075268583871e+02
2.819097251081875584e+03 9.722958399871539541e+02
2.768424166401769526e+03 1.115126194915278575e+03
2.790383567239857712e+03 1.264590636815571315e+03
2.959515333503994498e+03 1.340167498422832068e+03
3.042455470630508898e+03 1.131573649261730907e+03
3.181948057156623690e+03 1.091282757254254875e+03
3.090261914823299776e+03 1.027330082346730705e+03
3.052628402440207992e+03 9.904168304368861300e+02
3.312708843813288695e+03 1.228405370547654456e+03
3.387997807960003229e+03 1.208090329436338379e+03
3.602758878899360298e+03 1.289852030096727731e+03
3.722412795604797793e+03 1.978282631204313475e+03
3.499200341279579789e+03 1.086083513645856328e+03
3.527585610526110486e+03 9.333884640925623444e+02
3.529647691703743476e+03 8.236136850638883971e+02
3.521611972566509394e+03 6.550742328028467227e+02
3.354593561453393704e+03 5.452426480719036590e+02
3.395052922990973457e+03 5.221662790937850787e+02
3.114405922640822155e+03 4.022758903470599989e+02
2.853717551770478167e+03 4.528000559513603207e+02
2.779581444173102227e+03 6.542938647835621850e+02
2.511497682361713942e+03 9.863433860825813326e+02
2.245453869699015740e+03 1.715124389711841104e+03
1.308629008593812614e+03 1.381632904799038442e+03
1.674554384394388990e+03 2.866745387414694051e+03
2.562986685575775937e+03 5.973538669979100177e+02
3.365863756173677075e+02 3.802164741278329529e+03
-4.644328343606194949e+02 1.551907700740423707e+03
1.088806886920503985e+03 2.713866078361344307e+02
2.290931339158666106e+03 3.452673946630816317e+02
2.547853511884982254e+03 -3.401045792998560557e+01
3.150435260014027335e+03 -1.899609844708227513e+02
4.013294585598619051e+03 6.143186671268176724e+02
4.343229747727611539e+03 1.210629642219368179e+03
4.739931252034177305e+03 1.580699825927733627e+03
3.437009141547347554e+03 4.374328134422118637e+03
5.947993649416426706e+03 3.800524180616634112e+03
6.828019195865796974e+03 1.872306525038642121e+03
6.560549579210552110e+03 -7.269568535490350314e+02
3.124312376161773955e+03 -1.209302372111019395e+03
1.700069329126630691e+03 -1.388835226186416548e+03
-2.786255685468289585e+02 -7.249573442046488481e+02
3.670465783804024795e+03 8.664782007115791203e+02
3.076724370137346341e+03 1.060266189943988593e+03
2.993199109452105859e+03 1.124380095483399600e+03
7.802433527931380377e+04 5.055577534081349586e+04
-5.024532205745873944e+04 5.025893516516874661e+04
-2.880386702658627837e+04 5.012401937511233700e+04
-1.206323875787633369e+04 4.574930052532315312e+04
-7.602708720551448641e+04 4.386406309068035625e+04
1.645193551935253709e+02 3.898529529864677170e+04
6.736146536618118262e+03 3.124892732664554205e+04
7.165963220875750994e+04 2.479170349909590732e+04
1.308154836957920270e+04 2.358675239292062179e+04
1.556262196438398860e+04 1.661788993866690362e+04
1.500835356477793539e+04 1.090000079436105989e+04
-3.536569150092250311e+03 9.150092756568272307e+03
-7.383287933203930152e+03 8.790102933584690618e+03
-4.571945653191251040e+02 8.665114153418533533e+03
1.854896189888136178e+03 7.673348723951704415e+03
-1.188446213359915237e+04 7.182164805466567486e+03
3.465810478673733542e+03 6.436727694315718509e+03
6.116129636518438201e+04 6.164395885390047624e+03
1.510957372087127806e+04 5.993340867293831252e+03
4.479613615411156388e+03 5.149233265246439259e+03
5.016353867645586433e+03 3.939824214634801137e+03
-1.685337374522745449e+04 3.923013523456006624e+03
5.300872332136886143e+03 3.012266237710837231e+03
1.349832739636789665e+04 2.483171697628756647e+03
1.680316493184249566e+03 2.212536777237084607e+03
2.241310537915499026e+03 2.200348200805711713e+03
2.677944830049178563e+03 2.079164323195383531e+03
1.002159812705132936e+03 2.054613529863182976e+03
5.124835277533851695e+03 2.028489630306422441e+03
3.197244766427656941e+03 1.787844229573736811e+03
2.369230810408590173e+02 1.658917037863215683e+03
2.863742132451008729e+03 1.617733184854925639e+03
3.276769284181212697e+03 1.473134854020980129e+03
4.898613185194882135e+03 1.370062141464029992e+03
2.825462760625041483e+03 1.352068048001013949e+03
3.122057027238162846e+03 1.314174912187065502e+03
2.254259807335090500e+03 1.307739034932891400e+03
2.925826455072644876e+03 1.155002328148685365e+03
3.259363011779603767e+03 1.101904311663442513e+03
2.681664794113181415e+03 1.089866897174325231e+03
3.129416786572317505e+03 1.089524058519790515e+03
3.945258541755155875e+03 1.039469059030152039e+03
3.186432525810574589e+03 1.029076119811208628e+03
2.820766909115914586e+03 1.018866224504096408e+03
2.994488529858090260e+03 1.006954744773529683e+03
3.111234895359883467e+03 9.978291764572240936e+02
3.193922013125136345e+03 9.882689855830767556e+02
3.144035544263344491e+03 9.867313372888137337e+02
3.020331181038112391e+03 9.864341730885048491e+02
3.087152220109061545e+03 9.745507110124857491e+02
3.471463417476150426e+03 9.645648435135460659e+02
2.927671518232767085e+03 9.643941190276345878e+02
3.120144079052276993e+03 9.622331771163018175e+02
3.053232865020999270e+03 9.598129745035611222e+02
2.984472236557121505e+03 9.559513907231195162e+02
3.173820069816781142e+03 9.493550383389970193e+02
-5.614097118259268200e+02 9.494764552251649548e+02
3.312181848988894671e+03 9.484262161623034899e+02
3.082975772484767731e+03 9.435046934021961533e+02
2.313064171636862739e+03 9.380429834213109643e+02
3.018284376286194856e+03 9.304388751227784269e+02
3.050350142903816959e+03 9.296536391570120941e+02
3.200913292267582165e+03 9.154168280849957000e+02
3.259006399234649052e+03 9.053090186287685128e+02
2.952056692580480558e+03 9.043997870754043333e+02
3.026112933626826361e+03 9.009418149319042186e+02
4.591421093094335447e+03 9.003869648541601691e+02
3.162126818372114030e+03 8.997938194658377142e+02
2.992759883729466765e+03 8.888649178630803362e+02
3.077448649665376706e+03 8.795268296705792181e+02
3.048215300731835214e+03 8.677815723851635994e+02
3.145819470076154630e+03 8.624310593255790991e+02
3.179589392979009972e+03 8.584293337284320842e+02
2.772409436169554283e+03 8.539959075449316970e+02
2.985535833883459418e+03 8.530517405163386684e+02
3.113194615132666968e+03 8.506869702719533279e+02
3.080571738110421393e+03 8.455957573550933830e+02
3.210631720141427195e+03 8.319190806885217171e+02
3.156739793678686056e+03 8.250603070023781811e+02
2.553861614345880753e+03 8.194545994217911584e+02
2.948649345353423541e+03 8.117025906411199685e+02
3.006389764230298169e+03 8.091362826312818015e+02
3.094815363301150683e+03 8.036779138859590148e+02
3.031637025553939566e+03 7.854002395522431925e+02
3.121602056545834330e+03 7.702943989115904060e+02
3.323929919624502872e+03 7.701228307623630371e+02
2.869287383935092748e+03 7.121511898305823252e+02
3.108974429447726379e+03 7.016615125263069785e+02
3.485649494802783465e+03 6.903467420067395324e+02
2.975756843995144209e+03 6.896129901276533474e+02
3.176025307268872893e+03 6.633872807142869306e+02
2.758836246902606035e+03 6.017406849068912607e+02
4.257285638066466163e+03 5.942658270060844643e+02
3.146028853811686076e+03 5.631578993429303637e+02
2.542760511853022763e+03 5.470178015478170437e+02
3.246896512043622806e+03 5.243188482296350230e+02
3.634334096055496502e+03 4.303877714492720656e+02
3.215225859672180832e+03 3.046691441090910075e+02
2.419485822723904676e+03 2.625204845669359202e+02
2.789332291977073965e+03 2.042172444974036694e+02
3.464611344358793758e+03 9.668592790311161878e+01
1.168035655997847061e+04 -3.183741703718060307e+02
2.191777258186456493e+03 1.097572292845910802e+01
-1.302848537387800206e+03 -1.460010263320198476e+02
2.289769545855013348e+03 -4.311356206470852612e+02
2.542764833536545211e+03 -9.322735623663197657e+02
9.523568131997557430e+03 -1.448363737336516124e+03
2.999682809135672869e+03 -1.457534489107100399e+03
-2.170845919259540096e+04 -1.602462967088802998e+03
-1.857372317396324888e+03 -1.688135291528016069e+03
3.708668897103843847e+03 -1.946751327076898633e+03
7.638805516827563224e+03 -1.748793517540648963e+03
4.709525895057710841e+03 -2.319157281107831295e+03
5.914321032982881661e+03 -1.731960237024701883e+03
-1.572271800407524552e+03 -3.624780339905493747e+03
-1.668622646772131020e+03 -6.195968125417599367e+03
4.975030736778426945e+04 -6.809519513747997735e+03
-4.472423733846389950e+02 -9.064753621114577982e+03
-2.591131108468371167e+04 -9.674501125967548433e+03
1.378921384490179889e+03 -1.308273640409651853e+04
3.804690165423708095e+04 -1.443337548629395314e+04
4.751571680302316963e+03 -1.601727405566408925e+04
1.106019964184932178e+04 -1.752641516425841110e+04
2.737446765523862996e+04 -1.806094965278961899e+04
1.830295593254406049e+04 -1.876859979212694816e+04
-2.848464597337076339e+04 -2.065535543800060987e+04
-3.176166475411958163e+04 -3.540762340429932374e+04
-2.341361594133383915e+04 -5.175920094674368738e+04
-1.304577284905818851e+04 -6.994369934987294255e+04
5.386431806569778928e+03 -8.907779237283980183e+04
