3133.1097 907.1206 0.0000
3142.4898 942.6004 0.0000
3109.2876 890.1624 0.0000
3074.8329 912.1272 0.0000
3017.7573 861.5807 0.0000
3039.2856 831.4145 0.0000
3123.0724 818.9716 0.0000
3051.7445 711.7683 0.0000
3047.7216 579.4860 0.0000
3173.6634 743.3346 0.0000
3229.3979 602.4966 0.0000
3225.3168 762.2802 0.0000
3281.3187 746.1852 0.0000
3378.0915 720.8739 0.0000
3422.0228 828.6382 0.0000
3352.0586 895.3009 0.0000
3429.5753 928.4305 0.0000
3341.0359 1002.0846 0.0000
3247.0676 868.4995 0.0000
3312.1547 829.2271 0.0000
3238.4002 814.7239 0.0000
2845.3660 787.2253 0.0000
2819.0973 972.2958 0.0000
2768.4242 1115.1262 0.0000
2790.3836 1264.5906 0.0000
2959.5153 1340.1675 0.0000
3042.4555 1131.5736 0.0000
3181.9481 1091.2828 0.0000
3090.2619 1027.3301 0.0000
3052.6284 990.4168 0.0000
3312.7088 1228.4054 0.0000
3387.9978 1208.0903 0.0000
3602.7589 1289.8520 0.0000
3722.4128 1978.2826 0.0000
3499.2003 1086.0835 0.0000
3527.5856 933.3885 0.0000
3529.6477 823.6137 0.0000
3521.6120 655.0742 0.0000
3354.5936 545.2426 0.0000
3395.0529 522.1663 0.0000
3114.4059 402.2759 0.0000
2853.7176 452.8001 0.0000
2779.5814 654.2939 0.0000
2511.4977 986.3434 0.0000
2245.4539 1715.1244 0.0000
1308.6290 1381.6329 0.0000
1674.5544 2866.7454 0.0000
2562.9867 597.3539 0.0000
336.5864 3802.1647 0.0000
-464.4328 1551.9077 0.0000
1088.8069 271.3866 0.0000
2290.9313 345.2674 0.0000
2547.8535 -34.0105 0.0000
3150.4353 -189.9610 0.0000
4013.2946 614.3187 0.0000
4343.2297 1210.6296 0.0000
4739.9313 1580.6998 0.0000
3437.0091 4374.3281 0.0000
5947.9936 3800.5242 0.0000
6828.0192 1872.3065 0.0000
6560.5496 -726.9569 0.0000
3124.3124 -1209.3024 0.0000
1700.0693 -1388.8352 0.0000
-278.6256 -724.9573 0.0000
3670.4658 866.4782 0.0000
3076.7244 1060.2662 0.0000
2993.1991 1124.3801 0.0000
78024.3353 50555.7753 0.0000
-50245.3221 50258.9352 0.0000
-28803.8670 50124.0194 0.0000
-12063.2388 45749.3005 0.0000
-76027.0872 43864.0631 0.0000
164.5194 38985.2953 0.0000
6736.1465 31248.9273 0.0000
71659.6322 24791.7035 0.0000
13081.5484 23586.7524 0.0000
15562.6220 16617.8899 0.0000
15008.3536 10900.0008 0.0000
-3536.5692 9150.0928 0.0000
-7383.2879 8790.1029 0.0000
-457.1946 8665.1142 0.0000
1854.8962 7673.3487 0.0000
-11884.4621 7182.1648 0.0000
3465.8105 6436.7277 0.0000
61161.2964 6164.3959 0.0000
15109.5737 5993.3409 0.0000
4479.6136 5149.2333 0.0000
5016.3539 3939.8242 0.0000
-16853.3737 3923.0135 0.0000
5300.8723 3012.2662 0.0000
13498.3274 2483.1717 0.0000
1680.3165 2212.5368 0.0000
2241.3105 2200.3482 0.0000
2677.9448 2079.1643 0.0000
1002.1598 2054.6135 0.0000
5124.8353 2028.4896 0.0000
3197.2448 1787.8442 0.0000
236.9231 1658.9170 0.0000
2863.7421 1617.7332 0.0000
3276.7693 1473.1349 0.0000
4898.6132 1370.0621 0.0000
2825.4628 1352.0680 0.0000
3122.0570 1314.1749 0.0000
2254.2598 1307.7390 0.0000
2925.8265 1155.0023 0.0000
3259.3630 1101.9043 0.0000
2681.6648 1089.8669 0.0000
3129.4168 1089.5241 0.0000
3945.2585 1039.4691 0.0000
3186.4325 1029.0761 0.0000
2820.7669 1018.8662 0.0000
2994.4885 1006.9547 0.0000
3111.2349 997.8292 0.0000
3193.9220 988.2690 0.0000
3144.0355 986.7313 0.0000
3020.3312 986.4342 0.0000
3087.1522 974.5507 0.0000
3471.4634 964.5648 0.0000
2927.6715 964.3941 0.0000
3120.1441 962.2332 0.0000
3053.2329 959.8130 0.0000
2984.4722 955.9514 0.0000
3173.8201 949.3550 0.0000
-561.4097 949.4765 0.0000
3312.1818 948.4262 0.0000
3082.9758 943.5047 0.0000
2313.0642 938.0430 0.0000
3018.2844 930.4389 0.0000
3050.3501 929.6536 0.0000
3200.9133 915.4168 0.0000
3259.0064 905.3090 0.0000
2952.0567 904.3998 0.0000
3026.1129 900.9418 0.0000
4591.4211 900.3870 0.0000
3162.1268 899.7938 0.0000
2992.7599 888.8649 0.0000
3077.4486 879.5268 0.0000
3048.2153 867.7816 0.0000
3145.8195 862.4311 0.0000
3179.5894 858.4293 0.0000
2772.4094 853.9959 0.0000
2985.5358 853.0517 0.0000
3113.1946 850.6870 0.0000
3080.5717 845.5958 0.0000
3210.6317 831.9191 0.0000
3156.7398 825.0603 0.0000
2553.8616 819.4546 0.0000
2948.6493 811.7026 0.0000
3006.3898 809.1363 0.0000
3094.8154 803.6779 0.0000
3031.6370 785.4002 0.0000
3121.6021 770.2944 0.0000
3323.9299 770.1228 0.0000
2869.2874 712.1512 0.0000
3108.9744 701.6615 0.0000
3485.6495 690.3467 0.0000
2975.7568 689.6130 0.0000
3176.0253 663.3873 0.0000
2758.8362 601.7407 0.0000
4257.2856 594.2658 0.0000
3146.0289 563.1579 0.0000
2542.7605 547.0178 0.0000
3246.8965 524.3188 0.0000
3634.3341 430.3878 0.0000
3215.2259 304.6691 0.0000
2419.4858 262.5205 0.0000
2789.3323 204.2172 0.0000
3464.6113 96.6859 0.0000
11680.3566 -318.3742 0.0000
2191.7773 10.9757 0.0000
-1302.8485 -146.0010 0.0000
2289.7695 -431.1356 0.0000
2542.7648 -932.2736 0.0000
9523.5681 -1448.3637 0.0000
2999.6828 -1457.5345 0.0000
-21708.4592 -1602.4630 0.0000
-1857.3723 -1688.1353 0.0000
3708.6689 -1946.7513 0.0000
7638.8055 -1748.7935 0.0000
4709.5259 -2319.1573 0.0000
5914.3210 -1731.9602 0.0000
-1572.2718 -3624.7803 0.0000
-1668.6226 -6195.9681 0.0000
49750.3074 -6809.5195 0.0000
-447.2424 -9064.7536 0.0000
-25911.3111 -9674.5011 0.0000
1378.9214 -13082.7364 0.0000
38046.9017 -14433.3755 0.0000
4751.5717 -16017.2741 0.0000
11060.1996 -17526.4152 0.0000
27374.4677 -18060.9497 0.0000
18302.9559 -18768.5998 0.0000
-28484.6460 -20655.3554 0.0000
-31761.6648 -35407.6234 0.0000
-23413.6159 -51759.2009 0.0000
-13045.7728 -69943.6993 0.0000
5386.4318 -89077.7924 0.0000
