-4.799531370999999780e+01 -5.648585951000000023e+02
-5.596985521999999946e+01 -5.688204563000000462e+02
-4.884480314000000334e+01 -5.744357151000000385e+02
-6.531846156999999664e+01 -5.607014943000000358e+02
-6.303702802000000105e+01 -5.747165969000000132e+02
-3.694513609999999915e+01 -5.600096900999999434e+02
-4.921771379999999851e+01 -5.553091121999999586e+02
-5.054653873000000175e+01 -5.873835569999999962e+02
-4.068629066999999822e+01 -5.779800510000000031e+02
-3.589239575999999943e+01 -5.696206754999999475e+02
