-9.310357003447754209e+01 -1.790006843043067875e+01
-1.780021608276666427e+02 -7.516248761854123472e+01
-3.009655640377563373e+02 -1.581110037719971615e+02
-4.572540394542663194e+02 -2.635166220460165505e+02
-6.444272696072655435e+02 -3.898033076465355862e+02
-8.605425879745579323e+02 -5.355621788967455359e+02
-1.104107015605299921e+03 -6.998705232399214538e+02
-1.373966348809395186e+03 -8.819021988372028318e+02
-1.669260190369531301e+03 -1.081119721391714620e+03
-1.530137316679388704e+01 -1.177624903364026920e+01
7.767003356526099367e+01 -5.515660308271736767e+01
2.117938495927766098e+02 -1.176825139968080407e+02
3.827261002989148437e+02 -1.973791797222217497e+02
5.873459424547088474e+02 -2.928025331721220255e+02
8.233239885389521078e+02 -4.029450130951233859e+02
1.089940746764146297e+03 -5.271346881661088446e+02
1.385025729395599228e+03 -6.647410240043610656e+02
1.707757477129108111e+03 -8.152387156696978536e+02
-6.074348897240336953e+01 6.181390269832869677e+01
-6.770419830803837158e+01 1.414953871020800307e+02
-7.917947740270102486e+01 2.725158000983494162e+02
-9.400321264585055303e+01 4.418343809251641687e+02
-1.117437285866037939e+02 6.447120719092376930e+02
-1.322511436700632430e+02 8.788942596955076851e+02
-1.553485913177601390e+02 1.142849722804105340e+03
-1.809371483647862533e+02 1.435278389060598329e+03
-2.089388733309450572e+02 1.755153126346956014e+03
