-2.255892920000000146e+01 -6.919838607000000366e+02
3.782617817999999943e+01 -7.358760817999999517e+02
-4.123929872000000074e+01 -7.259777278000000251e+02
-1.032958481999999947e+02 -7.197786976999999524e+02
-5.289167607999999632e+00 -8.628538257999999814e+02
-5.736048876000000263e+01 -8.619454140000000280e+02
-7.954380247999999654e+01 -8.289397966000000224e+02
2.757334668000000022e+01 -8.273978100000000495e+02
-1.515894297000000002e+00 -6.168272740999999542e+02
-5.471181707000000216e+01 -6.166892211000000543e+02
-1.405072279999999978e+02 -6.511640801999999439e+02
-1.595516084999999862e+02 -7.894690248000000565e+02
-1.188674637000000018e+02 -5.826093161999999666e+02
8.909395347999999615e+01 -5.999596999999999980e+02
-2.051490474999999947e+02 -7.246895117000000255e+02
1.037166565999999932e+02 -8.479917404000000261e+02
-1.360704531000000088e+02 -9.020861115999999811e+02
5.874951451999999819e+01 -9.396691061999999874e+02
2.938833234999999888e+01 -4.805939023999999904e+02
-2.326386132000000089e+02 -8.622150074999999561e+02
2.109519611999999995e+02 -7.603395825000000059e+02
-2.016202627000000120e+02 -5.075851382999999828e+02
-3.413008889000000323e+01 -1.015687840000000051e+03
1.496052589999999896e+02 -4.915834662999999978e+02
-3.205652289999999880e+02 -7.638611243999999942e+02
2.109983373999999969e+02 -8.834663620999999694e+02
-7.116718633000000693e+01 -4.273935078999999746e+02
-1.157063626000000056e+02 -1.075443395999999893e+03
2.784170756999999981e+02 -5.715711320999999998e+02
-3.709743358000000057e+02 -6.041237343000000237e+02
1.595060550999999975e+02 -1.067094352999999956e+03
2.889945077000000140e+01 -3.054170846000000097e+02
-3.225251718999999753e+02 -1.004125527000000034e+03
4.270133243000000220e+02 -7.414835190999999668e+02
-4.052355233000000112e+02 -3.421436330999999882e+02
1.761245514999999884e+01 -1.214453361999999970e+03
