-3.389412595999999667e+01 -7.127516484000000219e+02
-1.745390886999999935e+01 -7.096086972000000515e+02
-2.255892920000000146e+01 -6.919838607000000366e+02
-5.421013145999999949e+00 -7.237911044999999604e+02
2.524593898999999908e+01 -7.444318445000000111e+02
2.094634823999999895e+01 -7.214646460000000161e+02
1.593453511000000056e+01 -7.006757482000000437e+02
9.482335836000000739e+00 -6.870764745999999832e+02
-9.835100333999999833e+00 -6.638265956999999844e+02
-2.089371519000000177e+01 -6.535599819999999909e+02
3.782617817999999943e+01 -7.358760817999999517e+02
9.659537110000000482e-01 -7.026549839000000475e+02
1.073987943000000023e+01 -6.595673637999999528e+02
-2.062042134000000004e+01 -6.339073418000000402e+02
-6.712372688000000309e+00 -6.849519377999999961e+02
-4.123929872000000074e+01 -7.259777278000000251e+02
-5.030411069000000168e+01 -7.112094980000000533e+02
-4.364407228000000316e+01 -6.527424612999999454e+02
-5.940429340000000025e+01 -6.675717395000000352e+02
-7.447461586999999383e+01 -6.846574594999999590e+02
-8.452300420000000258e+01 -7.048937799000000268e+02
-8.687286754000000144e+01 -7.322620425999999725e+02
-9.314292453999999566e+01 -7.459594809000000168e+02
-5.704992893000000009e+01 -6.454388456000000360e+02
-6.848107366000000695e+01 -6.984707849999999780e+02
-9.589972539999999412e+01 -6.948901111000000128e+02
-1.054387377000000043e+02 -7.550033570000000509e+02
-7.690232093000000191e+01 -7.181727584000000206e+02
-2.604186156999999824e+01 -7.261888087999999470e+02
-1.539951252000000004e+01 -7.463592278999999508e+02
-8.049715673000000038e+01 -7.651118312999999489e+02
-6.418907113000000209e+01 -7.711494896000000381e+02
-4.233954857999999888e+01 -7.778607093000000532e+02
-2.309339256000000162e+01 -7.786079363000000058e+02
2.382622675999999995e+00 -7.632855571999999711e+02
1.710537160000000156e+01 -7.665338028999999551e+02
-8.006703000999999631e+01 -7.803740238000000318e+02
-6.350521219000000173e+01 -7.868199567999999999e+02
-3.666707353999999697e+01 -7.621662820999999894e+02
-1.965399721000000000e+01 -7.945952313999999888e+02
-1.523355240999999971e+00 -7.889452581000000464e+02
3.035174917000000150e+01 -7.739188067999999703e+02
-1.504639783999999914e+01 -7.643348031000000447e+02
