-9.835100333999999833e+00 -6.638265956999999844e+02
-8.452300420000000258e+01 -7.048937799000000268e+02
-1.745390886999999935e+01 -7.096086972000000515e+02
-5.421013145999999949e+00 -7.237911044999999604e+02
2.757334668000000022e+01 -8.273978100000000495e+02
-5.940429340000000025e+01 -6.675717395000000352e+02
-7.690232093000000191e+01 -7.181727584000000206e+02
-2.326386132000000089e+02 -8.622150074999999561e+02
-1.515894297000000002e+00 -6.168272740999999542e+02
-3.413008889000000323e+01 -1.015687840000000051e+03
1.496052589999999896e+02 -4.915834662999999978e+02
-3.205652289999999880e+02 -7.638611243999999942e+02
2.109983373999999969e+02 -8.834663620999999694e+02
-7.116718633000000693e+01 -4.273935078999999746e+02
-3.709743358000000057e+02 -6.041237343000000237e+02
1.595060550999999975e+02 -1.067094352999999956e+03
2.889945077000000140e+01 -3.054170846000000097e+02
-3.225251718999999753e+02 -1.004125527000000034e+03
-4.052355233000000112e+02 -3.421436330999999882e+02
1.761245514999999884e+01 -1.214453361999999970e+03
2.320339731999999913e+02 -2.966819557000000032e+02
4.209728448999999841e+02 -9.727737656000000470e+02
-2.354166998000000035e+02 -1.825357692999999983e+02
-2.038338622999999927e+02 -1.306430276000000049e+03
4.611792145000000005e+02 -4.038450783999999771e+02
-5.889825375000000349e+02 -5.118803953999999976e+02
4.420178225999999881e+02 -1.210840727000000015e+03
4.775389385999999803e+01 6.712806476999999461e+01
-4.502647327999999902e+02 -1.285500369999999975e+03
6.644987581999999975e+02 -6.523727711999999883e+02
-5.626328909000000067e+02 -3.144521919000000025e+02
1.866412211999999897e+02 -1.550361343000000033e+03
3.362164809000000218e+02 4.755830120000000250e+01
-8.009915429000000131e+02 -1.007194073000000003e+03
7.729368067000000337e+02 -1.043854152999999997e+03
-4.673686948000000143e+02 1.368242630999999960e+02
-1.759057296000000008e+02 -1.647546291000000110e+03
7.387298502999999528e+02 -8.215574023000000636e+01
3.847919547999999850e+02 -3.674568568000000255e+02
-5.866863143000000491e+02 -4.287748674000000051e+02
