-8.543423830344670478e+01 2.776121751154794310e+02
-6.421029149049569185e+01 2.563640280217449572e+02
-1.862858016918541892e+01 3.019921674308257025e+02
-1.097920028118080609e+02 2.107358886130385542e+02
6.272290193647562973e+01 6.920377186941004766e+02
-9.136646381618454882e+00 6.727446279382600096e+02
-2.366134659126544193e-01 7.160718480622235802e+02
-2.228658306192320993e+01 7.811199646729139658e+02
5.274001473336151946e+01 8.270924414360308674e+02
8.202677626106196840e+01 7.640009067560415588e+02
-2.920020678877785514e+01 6.085899445006564292e+02
-9.426608060790604782e+01 7.049976169163232953e+02
-4.220761471030799328e+01 7.048360053628997548e+02
9.803325335576280963e+01 5.710240891368149505e+02
1.442268064320267484e+01 5.426335734830538513e+02
5.516054792143845020e+01 6.248731391357274561e+02
1.818009622273328887e+02 6.492883910274218806e+02
1.662350818235965448e+02 5.795779134132017134e+02
1.154771404111811535e+02 6.393485412661700593e+02
1.434038354015004302e+02 7.350757701368975177e+02
1.348549429776326747e+02 8.054164107643849775e+02
2.131455111277145420e+02 7.187078941641225356e+02
3.129720964242552554e+02 5.406799299091439934e+02
3.207945995784315869e+02 5.696845562553395439e+02
2.584440449595477389e+02 5.864269672330678986e+02
3.830458719568300126e+02 5.529516853397317391e+02
-1.388173012574791017e+02 1.014078297162130070e+03
-1.175813946489550830e+02 9.929093452894487655e+02
-7.201164312316213056e+01 1.038458289477283415e+03
-1.632623882108642306e+02 9.472907459415637277e+02
5.520385990711646400e+02 7.634082541379378881e+02
5.810970088338649475e+02 7.712439286120138604e+02
5.643162057407183738e+02 8.334749753680385993e+02
5.977665698908396053e+02 7.088829182869621945e+02
-3.976975779824469441e+02 9.771380539688907447e+02
-4.266567055045483698e+02 9.692928394341807916e+02
-4.099751846520006779e+02 9.070713327393517602e+02
-4.434255488021199199e+02 1.031663389820053908e+03
3.765915961655588831e+02 -9.188866914489018711e+01
3.476444284389747850e+02 -9.965468845891567184e+01
3.643139894960051492e+02 -1.620156987835986513e+02
3.308636253459416707e+02 -3.736333329335836595e+01
9.258133365073513232e+02 7.968193566621216632e+02
9.045893896944022572e+02 8.180071953468740276e+02
8.590076783730341958e+02 7.723790559377987393e+02
9.502584234607941198e+02 8.636069078821208223e+02
4.155281104664949225e+02 1.872015355682559857e+03
4.367520572794459213e+02 1.850767208588825270e+03
4.823337686007562297e+02 1.896395347997905901e+03
3.910710637175367310e+02 1.805148609240940004e+03
-5.009060077403490254e+02 1.487614641089333873e+03
-5.221299545532423281e+02 1.508862788183624389e+03
-5.677116658746103894e+02 1.463234648774549214e+03
-4.765482432318742667e+02 1.554490927592699563e+03
-6.646034824910429961e+02 9.750857275985637216e+02
-6.356563147644587843e+02 9.828517469125891921e+02
-6.523258758214892623e+02 1.045212757237272172e+03
-6.188755116714256701e+02 9.205603917475935987e+02
-6.053328825132135762e+02 3.965007110002278523e+02
-5.840969759047452499e+02 3.753317591277395877e+02
-5.385272243789522690e+02 4.208807033155741237e+02
-6.297779694665987336e+02 3.297131597802232363e+02
8.271282301924620697e+02 1.503121514259737751e+03
7.981810624658778579e+02 1.495355494945712280e+03
8.148625833184256635e+02 1.433133988250883249e+03
7.815115014088476073e+02 1.557716505270395373e+03
1.882628118714294487e+03 7.614303985430454986e+02
1.861404171901401241e+03 7.826785456373361285e+02
1.815822460580033294e+03 7.370504062282609539e+02
1.906985883222711664e+03 8.283066850464167601e+02
9.313660904054152070e+02 3.947838086867729999e+02
9.391885935595913679e+02 4.237884350329686072e+02
8.768260791451345995e+02 4.403913423799125439e+02
1.001439865937876334e+03 4.070555641169975161e+02
-6.761743451677190819e+01 -3.425574513482458201e+02
-7.532869563494548970e+01 -3.714924225347540414e+02
-1.307742325654705340e+01 -3.882252934509235160e+02
-1.376912100493466653e+02 -3.548292067788336226e+02
-1.322452184613587860e+03 -8.190191023957064544e+02
-1.343676131426536813e+03 -7.978312637109539764e+02
-1.389257842747904760e+03 -8.434594031200290374e+02
-1.298007097660145064e+03 -7.522315511757072954e+02
-8.757597807750730681e+02 5.964121810044190397e+02
-8.835822839292494564e+02 5.674075546582234892e+02
-8.212197695148482808e+02 5.508046473109108092e+02
-9.458335563075900154e+02 5.841404255738257234e+02
-2.015703354817802619e+02 1.932857308793918492e+03
-1.726231677551961354e+02 1.940623328107943962e+03
-1.892927288122265281e+02 2.002984338432626828e+03
-1.559416469026484151e+02 1.878341513003945465e+03
7.822664799647762266e+03 -3.872041240889961045e+03
7.809680481908485490e+03 -3.799666909108553227e+03
1.876481497015240166e+03 -5.720499029643057838e+03
1.923292068396179047e+03 -5.779488430970855916e+03
3.387714867552034320e+03 -2.665921367461582850e+04
3.427358493230735803e+03 -2.659334438093296194e+04
3.187192244335410578e+02 -6.432020062083180528e+04
4.002152096734316729e+02 -6.430729872310345672e+04
-6.390360279144896595e+03 -1.038460013070877721e+03
-6.480144688912270794e+03 -1.039815748791136684e+03
-8.456041895867243511e+03 -2.080098431199187871e+03
-8.521189383817165435e+03 -2.044260817657517691e+03
-1.267629331774591083e+04 -1.174411406036402695e+04
-1.261309313951017793e+04 -1.178344136614705349e+04
-4.929388474738732475e+04 -1.582816032922470549e+04
-4.925175906569446670e+04 -1.576240892025443100e+04
-7.950752454461670823e+03 1.213754096097512956e+04
-7.900372920083194913e+03 1.218335063130614435e+04
-5.669362968129013097e+03 2.044264898613906553e+04
-5.660682517954621289e+03 2.037372226862389653e+04
-3.431345652694463934e+04 8.110389788575088460e+03
-3.436840157746576733e+04 8.047056328862625378e+03
-1.213099247191856193e+03 4.021981923967312468e+03
-1.180540923768093307e+03 3.956245233843864298e+03
5.625693970565327618e+03 3.685301248563962145e+04
5.660246519129130320e+03 3.693026075914878311e+04
-5.560970393100028559e+03 5.564336716373482341e+04
-5.604544133805311503e+03 5.570226633398394188e+04
1.067756294422953943e+03 -2.653631178061068640e+05
1.046484794669715484e+03 -2.654420257486713817e+05
3.262816008663338725e+05 -4.798432175387546886e+05
3.262014012910512392e+05 -4.798383608605659101e+05
3.396892623332773801e+05 -2.032091392288490024e+05
3.396090412941141403e+05 -2.032092636463640956e+05
4.172592879319774220e+05 -3.447262375485536177e+04
4.172753236238726531e+05 -3.454364493415586185e+04
-3.133990747408900279e+04 -2.236785683782976703e+05
-3.133987159470245024e+04 -2.236782101758161734e+05
-3.527194595651233685e+05 -6.030152046998803271e+05
-3.527866191057016258e+05 -6.030575161834190367e+05
3.038632870876269299e+05 5.100419701618987601e+05
3.039366001495455857e+05 5.100470372614532243e+05
-5.789911982625375967e+05 -1.628497365517960570e+05
-5.790603293511783704e+05 -1.628734332655733160e+05
