-52.4698 -32.6688 0.0000
-93.1036 -17.9001 0.0000
-130.4549 -43.0860 0.0000
-178.0022 -75.1625 0.0000
-235.1968 -113.7515 0.0000
-300.9656 -158.1110 0.0000
-375.0956 -208.1165 0.0000
-457.2540 -263.5166 0.0000
-547.0872 -324.1344 0.0000
-48.9744 -72.5292 0.0000
-15.3014 -11.7762 0.0000
25.5602 -30.8377 0.0000
77.6700 -55.1566 0.0000
139.8768 -84.1489 0.0000
211.7938 -117.6825 0.0000
292.9175 -155.5216 0.0000
382.7261 -197.3792 0.0000
480.9259 -243.1930 0.0000
-55.9531 7.1689 0.0000
-60.7435 61.8139 0.0000
-64.2298 101.6563 0.0000
-67.7042 141.4954 0.0000
-72.9532 201.2410 0.0000
-79.1795 272.5158 0.0000
-86.2151 352.8716 0.0000
-94.0032 441.8344 0.0000
-102.5917 539.2714 0.0000
