2.204659589999999980e+01 1.078995867999999980e+01
1.694135430000000042e+01 2.841476915999999875e+01
3.407993959000000217e+01 -3.391862607999999835e+00
7.732651615000000334e+01 -1.547737760000000051e+01
4.046709478999999732e+01 1.774387370999999902e+01
-2.155636297999999940e+01 -2.392685397999999797e+00
-4.259313729999999687e+00 2.822428907999999836e+01
-1.990369336999999916e+01 5.282680652999999893e+01
-3.497430940000000277e+01 3.574249598000000105e+01
-4.502243038999999669e+01 1.550531007000000017e+01
-4.737263533000000137e+01 -1.186280086000000011e+01
1.345860758000000068e+01 -5.790196848999999979e+00
-1.183400493999999981e+01 -2.627567729000000085e+01
-2.400541606000000172e+01 -6.642052338000000589e+01
2.833032901000000159e+00 -4.176763393000000235e+01
2.445367016000000149e+01 -4.393559428999999739e+01
