-4.891856478395299055e+06 1.842770617845128756e+06
-4.891887515576600097e+06 1.843003325375629123e+06
-4.891943252611238509e+06 1.843296745545408456e+06
-4.892085494458341971e+06 1.843646436933171237e+06
-4.892320398316351697e+06 1.843995722298990935e+06
-4.892711179409500211e+06 1.844324795659963973e+06
-4.893231076683965512e+06 1.844575688185491599e+06
-4.894038024050988257e+06 1.844557931716862600e+06
-4.894917751037097536e+06 1.844183819506483851e+06
-4.896125299195241183e+06 1.843685305556368316e+06
-4.897679228671461344e+06 1.842160458021951606e+06
-4.899031901458326727e+06 1.840735623188554309e+06
-4.900925104738410562e+06 1.838066171774132876e+06
-4.902573245604766533e+06 1.834503444032862782e+06
-4.904070507379560731e+06 1.830070032607696252e+06
-4.892536629035633057e+06 1.842415830333925318e+06
-4.892714884536805563e+06 1.842359475639244309e+06
-4.892950612876021303e+06 1.842247227689057123e+06
-4.893295640428666025e+06 1.841990938576539280e+06
-4.893679194799454883e+06 1.841656523159435485e+06
-4.894136186034923419e+06 1.841027342635131907e+06
-4.894718882906297222e+06 1.840077534645755077e+06
-4.895244580387900583e+06 1.838905193716268986e+06
-4.895614508078796789e+06 1.837633120793039212e+06
-4.895956099599952810e+06 1.835835369214452803e+06
-4.896257569904080592e+06 1.833852977053268114e+06
-4.895963087774161249e+06 1.831416972053679870e+06
-4.895258679419015534e+06 1.829216342414925573e+06
-4.893929929918169975e+06 1.827334641179865459e+06
-4.892211067776712589e+06 1.825339997849065578e+06
-4.892752790441927500e+06 1.841403734892255161e+06
-4.892836193286681548e+06 1.841140554860024713e+06
-4.892927499136948027e+06 1.840753053450133651e+06
-4.892974708359295502e+06 1.840295981108091306e+06
-4.893007069607628509e+06 1.839720908853345085e+06
-4.892929805469883606e+06 1.839066610798578477e+06
-4.892714927310279571e+06 1.838295072998482035e+06
-4.892238391811836511e+06 1.837652293148424709e+06
-4.891511266288046725e+06 1.837099746305727866e+06
-4.890603852274394594e+06 1.836511141587706981e+06
-4.889157860310565680e+06 1.836372311066456838e+06
-4.887555106554303318e+06 1.836831672775788931e+06
-4.885691421006381512e+06 1.837718603405002039e+06
-4.883144657820672728e+06 1.839886229931965470e+06
-4.892206233227496967e+06 1.841133005091649015e+06
-4.892080132572909817e+06 1.841024383888087701e+06
-4.891860696501659229e+06 1.840907693152076332e+06
-4.891600596669441089e+06 1.840860427562211873e+06
-4.891202550462115556e+06 1.840873202727579977e+06
-4.890705999807040207e+06 1.841040570713614346e+06
-4.889993474064107984e+06 1.841430627003514441e+06
-4.889170801403893158e+06 1.842204351272247033e+06
-4.888420593655019067e+06 1.843304124235613504e+06
-4.887447159145604819e+06 1.844822795583821135e+06
-4.886496146899463609e+06 1.846655137752776267e+06
-4.885647455348158255e+06 1.849158235088045709e+06
-4.885113668132012710e+06 1.851946839856417384e+06
-4.884867937464640476e+06 1.855694851221443852e+06
-4.885035194064492360e+06 1.859610250389874447e+06
-4.891652278196225874e+06 1.841977790379329817e+06
-4.891494287196976133e+06 1.842172825211161282e+06
-4.891285301638073288e+06 1.842463632514601108e+06
-4.891037289454915561e+06 1.842935154155311175e+06
-4.890761280192906968e+06 1.843519031062644441e+06
-4.890541644913597964e+06 1.844348019972212147e+06
-4.890388061218719929e+06 1.845333285071398597e+06
-4.890333852783527225e+06 1.846463869055156363e+06
-4.890513205430358648e+06 1.847769378772467142e+06
-4.890935098259654827e+06 1.849068888128333492e+06
-4.891732441556112841e+06 1.850259474707947345e+06
-4.892842350991332904e+06 1.851369431006518193e+06
-4.894377902531191707e+06 1.852528585870998912e+06
-4.896635360973255709e+06 1.852684915398779325e+06
-4.899575256518872455e+06 1.852079862222802360e+06
-5.086692229727177881e+06 1.581810764407918323e+06
-5.107343623174097389e+06 1.483164694099776680e+06
-5.097471830902107060e+06 1.536598094575215597e+06
-4.896261733969804831e+06 1.884354009368408471e+06
-4.914220615151473321e+06 1.810142906184029765e+06
-4.923543501700096764e+06 1.859437736573843285e+06
-4.970594103564318269e+06 1.849539284131814959e+06
-4.921216874727095477e+06 1.912377444304258330e+06
-5.141570970202129334e+06 1.847408453536611516e+06
-4.929838409331145696e+06 1.766850026082136668e+06
-4.805886721667459235e+06 1.766212701755120186e+06
-5.035967453177690506e+06 1.707514423659533728e+06
-4.931512017482684925e+06 1.753405779165538726e+06
-4.865902876618675888e+06 1.616130275808394188e+06
-4.873313543284306303e+06 1.705960064669899642e+06
-4.887403272579951212e+06 1.672009632461765548e+06
-4.802210517104413360e+06 1.733335002819952089e+06
-4.927439397243378684e+06 1.787599309442321071e+06
-4.879203453106777743e+06 1.827994191336249467e+06
-4.866060714401545003e+06 1.807065549849200528e+06
-5.018558806379538029e+06 1.745054266325504519e+06
-4.845020628279064782e+06 1.836927020003724145e+06
-4.828276826258340850e+06 1.813600461169698276e+06
-4.799746523478370160e+06 1.801530500996251823e+06
-4.860676696598437615e+06 1.768805307871617610e+06
-4.851029137947464362e+06 1.732031209776494186e+06
-4.818352503461995162e+06 1.562354718463017372e+06
-4.872944440060663037e+06 1.818942754293869715e+06
-4.873849222457133234e+06 1.809381207398584578e+06
-4.871908270919561386e+06 1.801949386323804501e+06
-4.892979097282841802e+06 1.872598973503377521e+06
-4.907056129758201540e+06 1.853930143784539076e+06
-4.904631283341162838e+06 1.898685802798086544e+06
-4.989408905638478696e+06 1.804510147697193082e+06
-4.909366360859923996e+06 1.818354509775924496e+06
-4.923104255124499090e+06 1.793303782295626588e+06
-4.941119001543495804e+06 1.864394408761917381e+06
-5.062621037032779306e+06 1.651488254746515071e+06
-4.787215074489659630e+06 1.705361413212516345e+06
-4.752801825754069723e+06 1.526720193720514188e+06
-4.723287003495724872e+06 1.535644384636104573e+06
-4.808649109658998437e+06 1.220938176283647306e+06
-4.628324341926334426e+06 1.658543151704619871e+06
-4.825575162608647719e+06 1.395471348061765544e+06
-4.935860255933441222e+06 1.349705746262273053e+06
-4.743273489830448292e+06 1.927429487652207725e+06
-4.892058108048158698e+06 1.842053753123326693e+06
-4.892185531597223133e+06 1.841874200297915842e+06
-4.892117700947667472e+06 1.842109469172903337e+06
-4.892216879409402609e+06 1.842022465290718945e+06
-4.892089834563259035e+06 1.841793173719853396e+06
-4.892314343526287004e+06 1.841682171023297589e+06
-4.892271285524246283e+06 1.841757591326615773e+06
-4.892215269831627607e+06 1.841868033595106564e+06
-4.892174307430148125e+06 1.841920226171360817e+06
-4.892120967570801266e+06 1.841969595965046436e+06
-4.892032686314901337e+06 1.842064882893418195e+06
-4.892010004650171846e+06 1.842169867956465343e+06
-4.891964711747527122e+06 1.842263667725965846e+06
-4.892324064410798252e+06 1.841723039040536853e+06
-4.892292204036805779e+06 1.841617621418914059e+06
-4.892265794009620324e+06 1.841850632708519697e+06
-4.892233027096740901e+06 1.841700469741556793e+06
-4.892179779787929729e+06 1.841831515377161326e+06
-4.892165158884115517e+06 1.842004791621448705e+06
-4.892111078048295341e+06 1.841937659326863708e+06
-4.892094976083208807e+06 1.842092400953528704e+06
-4.892048099615572020e+06 1.841988617311591748e+06
-4.891981924625256099e+06 1.842117013357877498e+06
-4.891991839240353554e+06 1.842304389878328191e+06
-4.891967744576816447e+06 1.842154701737816446e+06
-4.891943358912151307e+06 1.842348127146059182e+06
-4.891928109904439189e+06 1.842219302331130020e+06
-4.892352812312341295e+06 1.841826752223482355e+06
-4.892237092506616376e+06 1.841659754243434640e+06
-4.892272378271619789e+06 1.841882840932785068e+06
-4.892172016906417906e+06 1.841728362328959629e+06
-4.892233833838063292e+06 1.841987723125441698e+06
-4.892120310981372371e+06 1.841813500489930855e+06
-4.892178837945383042e+06 1.842096226350405021e+06
-4.892047858975991607e+06 1.841877919682852458e+06
-4.892105995159080252e+06 1.842187776115603745e+06
-4.892012124808702618e+06 1.842015042167683830e+06
-4.892079712740773335e+06 1.842258093199144350e+06
-4.891930167727376334e+06 1.842096314938732190e+06
-4.892029681661183015e+06 1.842318959697098704e+06
-4.891863430818066932e+06 1.842135643651131075e+06
-4.892393061216196045e+06 1.841899369503383292e+06
-4.892163713043618947e+06 1.841626702297098702e+06
-4.892294060509616509e+06 1.841973774783749133e+06
-4.892088555415073410e+06 1.841736807055068901e+06
-4.892255186471392401e+06 1.842102303352107061e+06
-4.892022302097027190e+06 1.841798185144934803e+06
-4.892198442069535144e+06 1.842180631861800328e+06
-4.891991148746650666e+06 1.841878324275192339e+06
-4.892182935577930883e+06 1.842217975100531476e+06
-4.891945229697086848e+06 1.841988801996731199e+06
-4.892093545884229243e+06 1.842339730785313761e+06
-4.891855835370065644e+06 1.842107187726549571e+06
-4.892355510740745813e+06 1.842077901707499521e+06
-4.892046852285886183e+06 1.841589223603752907e+06
-4.892310170931426808e+06 1.842143547474432504e+06
-4.892018945044892840e+06 1.841675775986049790e+06
-4.892290435472184792e+06 1.842197593277157517e+06
-4.891960405959818512e+06 1.841816302623078693e+06
-4.892198150268772617e+06 1.842330506517393049e+06
-4.891900435750991106e+06 1.841843839857350336e+06
-4.892150732169120573e+06 1.842416067809326109e+06
-4.891877006935186684e+06 1.841935659723864868e+06
-4.892045411759454757e+06 1.842083861667120131e+06
-4.892171312862877734e+06 1.841861753347153543e+06
-4.892128512873852625e+06 1.842126554031242384e+06
-4.891964455476566218e+06 1.842034035190392518e+06
-4.892073987630974501e+06 1.841692363947259262e+06
-4.892289318895916454e+06 1.841695036604896886e+06
-4.891923636319144629e+06 1.842298813046303578e+06
-4.892311806949912570e+06 1.842090000622689025e+06
-4.892363826434815302e+06 1.841797308577314718e+06
-4.892220758380879648e+06 1.842252629912419710e+06
-4.891958748743324541e+06 1.842379886232012883e+06
-4.891927461394769140e+06 1.841812514733734075e+06
-4.891846677206564695e+06 1.842213228361072950e+06
-4.892050511550394818e+06 1.842420715174543904e+06
-4.891990700355656445e+06 1.841653739780297503e+06
-4.891811708927368745e+06 1.842028025752994465e+06
-4.891811767605420202e+06 1.842328903938150499e+06
-4.892447385480314493e+06 1.841843436072198441e+06
-4.892356979698310606e+06 1.842198661956578959e+06
-4.891771359727447852e+06 1.842185368997396668e+06
-4.892206984551652335e+06 1.842410258137645898e+06
-4.892224762657365762e+06 1.841443303072737297e+06
-4.892447093257043511e+06 1.841539134251401993e+06
-4.892132917329177260e+06 1.842540551380242920e+06
-4.892513977127129212e+06 1.841672350070674438e+06
-4.892510331649914384e+06 1.842010682929398492e+06
-4.891741035340205766e+06 1.841885795841346728e+06
-4.891839408334182575e+06 1.841809786918560043e+06
-4.892087762347044423e+06 1.841385357182683190e+06
-4.892325482944278978e+06 1.841430228070172947e+06
-4.892310614466186613e+06 1.841299747183864238e+06
-4.097918139653061051e+06 3.590933770860334858e+06
-4.098280685662845150e+06 3.590950787011652254e+06
-4.097995819418747444e+06 3.591598326838710811e+06
-2.725489581787524745e+06 -1.350712440972386859e+06
-2.725285371869947761e+06 -1.350432573206743691e+06
-2.726280973721878603e+06 -1.350151952422800008e+06
-2.527818420555514749e+06 -1.467635223842967302e+06
-2.527824475116448011e+06 -1.467537715160074411e+06
-2.527880894984352402e+06 -1.467618078126444016e+06
-3.732161674904132262e+06 1.868271318201105576e+06
-3.732126550913899206e+06 1.868252256194337271e+06
-3.732144266811482608e+06 1.868316005780527368e+06
-3.732152573251824826e+06 1.868239840473034419e+06
-2.455265389637904242e+06 1.340448194499531528e+06
-2.455361034125361126e+06 1.340257136088998057e+06
-2.455599943163649645e+06 1.340399311201832956e+06
-2.477527721534070093e+06 1.384750208218246698e+06
-2.477484117700801231e+06 1.384757897960570175e+06
-4.195915291492694989e+06 3.511303222336972132e+06
-4.195934691302047111e+06 3.511244597473867238e+06
-5.136570990362926386e+06 3.634750341158970259e+06
-5.136556280225460418e+06 3.634805628481417894e+06
-5.136462039376974106e+06 3.635078998326217756e+06
-5.398588923228067346e+06 3.274819850508707576e+06
-5.399212318422736600e+06 3.274199046044320799e+06
-5.399423863750371151e+06 3.274001213446838781e+06
-4.978424644126614556e+06 2.623900002183422912e+06
-4.978336339784750715e+06 2.624012801364611834e+06
-4.978613632523564622e+06 2.623541457434088457e+06
-4.978723463223849423e+06 2.623646929379921872e+06
