1.784095594667393243e+03 -1.000251150970442993e+01
1.753483659092228663e+03 -1.001959248141399073e+01
1.722870861331287415e+03 -1.003641776516785100e+01
1.692258925756122835e+03 -1.005349873687746864e+01
1.661646990180084686e+03 -1.007057970887317921e+01
1.631034192420017007e+03 -1.008740499234088972e+01
1.600422256843979085e+03 -1.010448596433665713e+01
1.569809459083911179e+03 -1.012131124780431080e+01
1.539197523507873029e+03 -1.013839221980007821e+01
1.294299958942392323e+03 -1.027383776776393276e+01
1.095320400034411250e+03 -1.038457028905467538e+01
8.045046788078541340e+02 -1.054585487607807792e+01
4.983823809062674854e+02 -1.071520667950532513e+01
2.840962453227853644e+02 -1.083400641760522731e+01
2.534843097467474422e+02 -1.085108738960099473e+01
2.228723741715827771e+02 -1.086816836131056263e+01
1.922595764106416425e+02 -1.088499364506444778e+01
1.616476408354769774e+02 -1.090207461677400502e+01
1.157299907689114491e+02 -1.092747849329645859e+01
1.004229074993711777e+02 -1.093598087223745097e+01
8.511719300837179958e+01 -1.094430377716940939e+01
6.981097192380502747e+01 -1.095306184382794612e+01
5.450525743280564939e+01 -1.096138474875990809e+01
-1.138618593060417936e+02 -1.105460113673359146e+01
-1.291680803906085657e+02 -1.106335920339213175e+01
-1.750865926421475933e+02 -1.108850739219703385e+01
-1.903928137267143370e+02 -1.109726545885557769e+01
-3.587599304650900081e+02 -1.119048184642398880e+01
-4.659028204622723024e+02 -1.125022714094701470e+01
-4.812085349527999369e+02 -1.125855004547370797e+01
-7.108003850277531228e+02 -1.138567268891084083e+01
-7.873313394484256378e+02 -1.142833701103283417e+01
-8.485555661904922999e+02 -1.146180810436440467e+01
-8.638617872751293589e+02 -1.147056617154727221e+01
-1.001616106253437238e+03 -1.154695727564803676e+01
-1.108759858435050774e+03 -1.160644688152389037e+01
-1.124065572925648894e+03 -1.161476978657493575e+01
-1.200596527346321409e+03 -1.165743410869690067e+01
-1.215902241837320844e+03 -1.166575701362880224e+01
-4.215895757668216902e+03 -1.329448159754305436e+01
1.616307366057907302e+02 1.971037614007571648e+01
1.616050514630205157e+02 6.562827168805233669e+01
1.615881472337357536e+02 9.624072244478298899e+01
1.615546943656287624e+02 1.574649331083916195e+02
1.615295158168977139e+02 2.033832638185000974e+02
