-1137.979807 9.995963548 -19.62539408
386.3476965 -1962.095365 13.56319193
448.2469953 646.1269628 -10.66960173
-1275.851495 -1433.665865 -34.63327806
1241.720549 -1079.905151 -31.51453723
-883.2209323 539.7100503 8.238992337
-124.3585508 -2293.772461 -9.807477083
1145.061894 515.9088394 -40.82860935
1365.742594 -1889.698289 26.4958042
-452.4801064 1329.185665 2.539863632
-1175.121588 -1860.249587 -36.16558544
-134.0818847 -1268.798681 1.417837879
384.7919548 -367.4568568 -11.98122352
-586.6863143 -428.7748674 -3.480423257
2280.787 1505.548 -114.843
3681.679 1562.488 -163.918
3515.48 1921.441 -140.565
2972.535 1946.262 -125.463
3930.685 2533.57 -160.612
4329.859 2839.446 -198.044
4127.771 3145.842 -181.761
3827.768 3659.535 -164.149
3691.342 4644.145 -158.006
4868.03 5781.007 -210.343
5196.723 7567.568 -198.329
6452.141 7886.675 -245.131
1691.043 -3392.262 -15.496
2393.144 -4995.903 -181.253
3339.557 -6006.991 -248.006
3467.338 -2819.829 -103.873
3507.391 -6790.526 -254.866
3931.033 -2632.016 -57.362
4763.027 -2555.54 -59.388
5382.372 -6092.567 -262.152
6293.141 -6434.119 -286.997
-7597.373 -169.407 -445.212
-6487.805 1129.569 -339.114
-4417.981 1237.383 -148.632
-3072.826 1356.894 -77.801
-2807.877 1412.598 -66.202
-1958.752 3405.738 -30.501
-1708.957 3351.727 -13.619
-1195.851 2825.334 17.292
