-1.605485605455643963e+06 2.335255661396843381e+06
-1.605495146061384119e+06 2.335308574563629925e+06
-1.605383591159053613e+06 2.335190333083624952e+06
-1.605422583439730573e+06 2.335235359723062254e+06
-1.605322767373321112e+06 2.335139472200736403e+06
-1.605479706700988114e+06 2.335344088080472313e+06
-1.605394866837429814e+06 2.335262935725817457e+06
-1.605365162444560323e+06 2.335241797193944454e+06
-1.605311355077931657e+06 2.335209323920764029e+06
-1.605356087492245249e+06 2.335262817009879276e+06
-1.605334702313986607e+06 2.335249916141069494e+06
-1.605347315393452998e+06 2.335277923519486561e+06
-1.605252767923205160e+06 2.335252176890973933e+06
-1.605296936209890526e+06 2.335334287678650580e+06
-1.605245279120127670e+06 2.335307753035765141e+06
