-33.89412596 -712.7516484 -2.330089496
15.93453511 -700.6757482 -2.32967552
9.482335836 -687.0764746 -2.729176727
37.82617818 -735.8760818 -2.484749162
10.73987943 -659.5673638 -2.726261907
-20.62042134 -633.9073418 -2.527672839
-43.64407228 -652.7424613 -2.322696805
-59.4042934 -667.5717395 -2.130365568
-74.47461587 -684.6574595 -2.129342649
-93.14292454 -745.9594809 -1.941492838
-105.4387377 -755.003357 -1.640752815
-26.04186157 -726.1888088 -2.332575051
2.382622676 -763.2855572 -2.838872989
17.1053716 -766.5338029 -2.842286715
-80.06703001 -780.3740238 -1.336451415
-63.50521219 -786.8199568 -1.341060659
-19.65399721 -794.5952314 -2.338743316
-1.523355241 -788.9452581 -2.8370088
30.35174917 -773.9188068 -3.336231664
-45.35024699 -846.3972056 -1.848567249
-5.289167608 -862.8538258 -1.546623172
-79.54380248 -828.9397966 -1.295598765
-54.71181707 -616.6892211 -2.521178466
-140.507228 -651.1640802 -0.634931252
-159.5516085 -789.4690248 -0.085066708
108.0977936 -762.8666359 -4.094737047
89.09395348 -599.9597 -5.661962966
-205.1490475 -724.6895117 0.219354398
103.7166566 -847.9917404 -4.492461166
-62.64949425 -519.0658412 -1.506521335
-136.0704531 -902.0861116 0.926477532
210.9519612 -760.3395825 -7.722003145
-201.6202627 -507.5851383 2.951531452
149.605259 -491.5834663 -7.812779422
-320.565229 -763.8611244 2.921013013
-71.16718633 -427.3935079 -0.557779025
-115.7063626 -1075.443396 6.891886507
278.4170757 -571.5711321 -11.94579167
159.5060551 -1067.094353 -1.914648891
210.9983374 -883.4663621 -6.966940771
-370.9743358 -604.1237343 -0.592510746
28.89945077 -305.4170846 -2.93440994
-322.5251719 -1004.125527 -3.523531944
