6.277898100000000559e+05 7.453079620000000112e+06
6.278013100000000559e+05 7.453100269999999553e+06
6.278142600000000093e+05 7.453128290000000037e+06
6.278348499999999767e+05 7.453132370000000112e+06
6.278037399999999907e+05 7.453158269999999553e+06
6.277823599999999860e+05 7.453066469999999739e+06
6.277625899999999674e+05 7.453069820000000298e+06
6.277367199999999721e+05 7.453060580000000075e+06
6.277204200000000419e+05 7.453073190000000410e+06
6.277179799999999814e+05 7.453038019999999553e+06
6.277975400000000373e+05 7.453066129999999888e+06
6.278080000000000000e+05 7.453045889999999665e+06
6.278256199999999953e+05 7.453028830000000075e+06
6.278215000000000000e+05 7.453003230000000447e+06
6.278171099999999860e+05 7.452929429999999702e+06
6.277650999999999767e+05 7.452930780000000261e+06
6.277432199999999721e+05 7.452963940000000410e+06
6.278502399999999907e+05 7.452964570000000298e+06
6.278229699999999721e+05 7.453175169999999925e+06
6.277698299999999581e+05 7.453175759999999776e+06
6.279080300000000279e+05 7.453093250000000000e+06
6.276838299999999581e+05 7.453142049999999814e+06
6.276636300000000047e+05 7.453004049999999814e+06
6.279312299999999814e+05 7.453028349999999627e+06
6.277060300000000279e+05 7.453210349999999627e+06
6.279136300000000047e+05 7.453191250000000000e+06
6.276186300000000047e+05 7.453069150000000373e+06
6.279261300000000047e+05 7.452943349999999627e+06
6.277627299999999814e+05 7.453273349999999627e+06
6.276861300000000047e+05 7.452891349999999627e+06
6.279835300000000279e+05 7.453133750000000000e+06
6.275994300000000512e+05 7.453166950000000186e+06
6.278804300000000512e+05 7.452852150000000373e+06
6.278550000000000000e+05 7.453311000000000000e+06
6.275900000000000000e+05 7.452932000000000000e+06
6.280340000000000000e+05 7.453030000000000000e+06
6.276240000000000000e+05 7.453286000000000000e+06
6.277870000000000000e+05 7.452777000000000000e+06
6.279750000000000000e+05 7.453299000000000000e+06
6.275030000000000000e+05 7.453031000000000000e+06
6.280330000000000000e+05 7.452907000000000000e+06
6.277550000000000000e+05 7.453365000000000000e+06
6.277050000000000000e+05 7.452718000000000000e+06
6.281030000000000000e+05 7.453218000000000000e+06
6.274540000000000000e+05 7.453191000000000000e+06
6.279800000000000000e+05 7.452724000000000000e+06
6.278560000000000000e+05 7.453486000000000000e+06
6.274990000000000000e+05 7.452791000000000000e+06
6.282500000000000000e+05 7.453047000000000000e+06
6.274220000000000000e+05 7.453453000000000000e+06
