-3.701384551999999672e+01 -5.519319302999999763e+02
-4.928641964999999914e+01 -5.472313424999999825e+02
-5.837145079999999808e+01 -5.912840731000000005e+02
-3.888669905999999798e+01 -5.859530019000000038e+02
-4.799531370999999780e+01 -5.648585951000000023e+02
-5.596985521999999946e+01 -5.688204563000000462e+02
-6.303702802000000105e+01 -5.747165969000000132e+02
-4.884480314000000334e+01 -5.744357151000000385e+02
-3.589239575999999943e+01 -5.696206754999999475e+02
-6.531846156999999664e+01 -5.607014943000000358e+02
