-3.389412595999999667e+01 -7.127516484000000219e+02
-1.745390886999999935e+01 -7.096086972000000515e+02
-5.421013145999999949e+00 -7.237911044999999604e+02
2.094634823999999895e+01 -7.214646460000000161e+02
-9.835100333999999833e+00 -6.638265956999999844e+02
-2.089371519000000177e+01 -6.535599819999999909e+02
3.782617817999999943e+01 -7.358760817999999517e+02
1.073987943000000023e+01 -6.595673637999999528e+02
-5.030411069000000168e+01 -7.112094980000000533e+02
-5.940429340000000025e+01 -6.675717395000000352e+02
-9.314292453999999566e+01 -7.459594809000000168e+02
-6.848107366000000695e+01 -6.984707849999999780e+02
-9.589972539999999412e+01 -6.948901111000000128e+02
1.593453511000000056e+01 -7.006757482000000437e+02
-1.054387377000000043e+02 -7.550033570000000509e+02
-7.690232093000000191e+01 -7.181727584000000206e+02
-1.539951252000000004e+01 -7.463592278999999508e+02
-5.133381025999999991e+01 -7.466749045000000251e+02
-8.049715673000000038e+01 -7.651118312999999489e+02
-6.418907113000000209e+01 -7.711494896000000381e+02
2.382622675999999995e+00 -7.632855571999999711e+02
1.641474012999999843e+01 -6.735736153999999942e+02
9.659537110000000482e-01 -7.026549839000000475e+02
-3.666707353999999697e+01 -7.621662820999999894e+02
-1.965399721000000000e+01 -7.945952313999999888e+02
-1.523355240999999971e+00 -7.889452581000000464e+02
3.035174917000000150e+01 -7.739188067999999703e+02
-6.712372688000000309e+00 -6.849519377999999961e+02
-4.123929872000000074e+01 -7.259777278000000251e+02
-4.547460699999999889e+01 -8.223634199000000535e+02
-4.375912668000000139e+01 -6.921742070000000240e+02
-5.289167607999999632e+00 -8.628538257999999814e+02
-7.954380247999999654e+01 -8.289397966000000224e+02
-1.149422361000000059e+01 -8.430059959000000163e+02
2.757334668000000022e+01 -8.273978100000000495e+02
-1.515894297000000002e+00 -6.168272740999999542e+02
8.432301105999999891e+01 -6.981017768000000387e+02
-1.405072279999999978e+02 -6.511640801999999439e+02
-1.595516084999999862e+02 -7.894690248000000565e+02
1.080977936000000028e+02 -7.628666359000000057e+02
