5.606192498999999607e+00 7.646657745999999811e+00
2.204659589999999980e+01 1.078995867999999980e+01
3.407993959000000217e+01 -3.391862607999999835e+00
6.474618648999999948e+01 -2.403185155999999978e+01
6.044668676999999946e+01 -1.065310291000000076e+00
5.543530129999999900e+01 1.972317522000000167e+01
1.860625963000000027e+01 6.683839826000000528e+01
7.732651615000000334e+01 -1.547737760000000051e+01
5.591553453000000218e+01 4.682567974999999905e+01
5.024060941999999841e+01 6.083113893000000161e+01
1.888013305999999858e+01 8.649162757000000568e+01
3.278896049000000090e+01 3.544741771000000341e+01
-1.738279306999999996e+00 -5.579011385000000267e+00
-1.080422027000000007e+01 9.190034674999999709e+00
-4.259313729999999687e+00 2.822428907999999836e+01
-1.990369336999999916e+01 5.282680652999999893e+01
-3.497430940000000277e+01 3.574249598000000105e+01
-4.737263533000000137e+01 -1.186280086000000011e+01
-5.364302244000000286e+01 -2.556059112000000155e+01
-1.754996240999999912e+01 7.496021269999999959e+01
-3.150495352000000082e+01 6.457049806999999930e+01
-2.898020434000000023e+01 2.192776250000000005e+01
-5.639987891999999903e+01 2.550905330999999876e+01
-6.379576618000000110e+01 6.200161969999999911e-01
-3.740232290000000148e+01 2.226137174000000218e+00
1.345860758000000068e+01 -5.790196848999999979e+00
-1.183400493999999981e+01 -2.627567729000000085e+01
-4.099650540999999748e+01 -4.471276927000000256e+01
-2.839375340000000136e+00 -5.746182237000000015e+01
4.188285180999999824e+01 -4.288590519000000256e+01
-4.056702917999999869e+01 -5.997433877000000280e+01
2.833032901000000159e+00 -4.176763393000000235e+01
2.445367016000000149e+01 -4.393559428999999739e+01
-1.521068338000000075e+01 1.037095627000000064e+02
