15.93453511 -700.6757482 -2.32967552
-93.14292454 -745.9594809 -1.941492838
2.382622676 -763.2855572 -2.838872989
89.09395348 -599.9597 -5.661962966
103.7166566 -847.9917404 -4.492461166
-62.64949425 -519.0658412 -1.506521335
-136.0704531 -902.0861116 0.926477532
210.9519612 -760.3395825 -7.722003145
-201.6202627 -507.5851383 2.951531452
149.605259 -491.5834663 -7.812779422
-320.565229 -763.8611244 2.921013013
210.9983374 -883.4663621 -6.966940771
-71.16718633 -427.3935079 -0.557779025
-115.7063626 -1075.443396 6.891886507
278.4170757 -571.5711321 -11.94579167
-370.9743358 -604.1237343 -0.592510746
159.5060551 -1067.094353 -1.914648891
28.89945077 -305.4170846 -2.93440994
-322.5251719 -1004.125527 -3.523531944
-405.2355233 -342.1436331 -1.631073652
-235.4166998 -182.5357693 0.433037607
-588.9825375 -511.8803954 -3.700789767
442.0178226 -1210.840727 -7.453735492
664.4987582 -652.3727712 -21.8190797
186.6412212 -1550.361343 -8.703981158
336.2164809 47.5583012 -7.732028162
-175.9057296 -1647.546291 2.32885338
738.7298503 -82.15574023 -22.70625636
-768.8428762 -1726.664524 -12.40502338
1123.288651 -455.2698864 -48.84410577
-1137.979807 9.995963548 -19.62539408
386.3476965 -1962.095365 13.56319193
448.2469953 646.1269628 -10.66960173
-1275.851495 -1433.665865 -34.63327806
1241.720549 -1079.905151 -31.51453723
-883.2209323 539.7100503 8.238992337
-124.3585508 -2293.772461 -9.807477083
-134.0818847 -1268.798681 1.417837879
384.7919548 -367.4568568 -11.98122352
755.8413206 -1622.601264 6.020971975
1145.061894 515.9088394 -40.82860935
-1700.499584 -820.6421264 -29.47741911
-452.4801064 1329.185665 2.539863632
