7.732651615000000334e+01 -1.547737760000000051e+01
-4.737263533000000137e+01 -1.186280086000000011e+01
-1.183400493999999981e+01 -2.627567729000000085e+01
-2.400541606000000172e+01 -6.642052338000000589e+01
1.238238479000000041e+02 2.229677914000000172e+01
-1.010065464000000048e+02 6.923582577000000526e+01
-1.200516036000000071e+02 -6.906984556000000453e+01
1.475980026999999950e+02 -4.246823003000000085e+01
-7.936662090000000092e+01 1.377899820000000091e+02
1.285951114000000075e+02 1.204390771000000058e+02
1.432167720999999858e+02 -1.275928997999999979e+02
-2.314896500000000046e+01 2.013332117999999866e+02
-9.657074894999999515e+01 -1.816859377000000109e+02
1.990503319999999974e+02 6.347818477999999942e+01
2.504523668999999870e+02 -3.994240546000000336e+01
5.570967799999999581e-01 -2.002305382000000122e+02
