8.789855978174116444e+02 -2.060275708968242543e+04
7.363643738857879271e+02 -2.059041627616082042e+04
5.918669367224713369e+02 -2.057498035401676316e+04
4.492472564169465841e+02 -2.056263109831880865e+04
3.047517502956056887e+02 -2.055027777279535803e+04
1.621335240567182154e+02 -2.053792006865211442e+04
1.763947120481202546e+01 -2.052246705069837481e+04
-1.249772105711419954e+02 -2.051010091851752077e+04
-2.694696957425162509e+02 -2.049773047966152444e+04
-4.120849204717148950e+02 -2.048535590534003131e+04
-4.496148515017503087e+02 -2.047917028925337945e+04
-5.021571693034932196e+02 -2.047607399950547551e+04
-1.742496892605070570e+03 -2.036141490000191698e+04
-1.813800722655373875e+03 -2.035520648826817342e+04
