6.273200000000000000e+05 7.452981000000000000e+06
6.282420000000000000e+05 7.452816000000000000e+06
6.275930000000000000e+05 7.453611000000000000e+06
6.276150000000000000e+05 7.452488000000000000e+06
6.282870000000000000e+05 7.453384000000000000e+06
6.272370000000000000e+05 7.453285000000000000e+06
6.282610000000000000e+05 7.452578000000000000e+06
6.278780000000000000e+05 7.453858000000000000e+06
6.273690000000000000e+05 7.452511000000000000e+06
6.284880000000000000e+05 7.453134000000000000e+06
6.272650000000000000e+05 7.453482000000000000e+06
6.280030000000000000e+05 7.452241000000000000e+06
6.281660000000000000e+05 7.453836000000000000e+06
6.270210000000000000e+05 7.452792000000000000e+06
6.285930000000000000e+05 7.452742000000000000e+06
6.273640000000000000e+05 7.453932000000000000e+06
6.276400000000000000e+05 7.452147000000000000e+06
6.285670000000000000e+05 7.453703000000000000e+06
6.267790000000000000e+05 7.453196000000000000e+06
6.285710000000000000e+05 7.452164000000000000e+06
6.277250000000000000e+05 7.454268000000000000e+06
6.270470000000000000e+05 7.452073000000000000e+06
6.289480000000000000e+05 7.453327000000000000e+06
6.266930000000000000e+05 7.453811000000000000e+06
6.281990000000000000e+05 7.451828000000000000e+06
6.282830000000000000e+05 7.454433000000000000e+06
6.265430000000000000e+05 7.452370000000000000e+06
6.290610000000000000e+05 7.452702000000000000e+06
6.269520000000000000e+05 7.454338000000000000e+06
6.276860000000000000e+05 7.451501000000000000e+06
6.289780000000000000e+05 7.454297000000000000e+06
6.261240000000000000e+05 7.452986000000000000e+06
6.291780000000000000e+05 7.451892000000000000e+06
6.273890000000000000e+05 7.455123000000000000e+06
6.266400000000000000e+05 7.451943000000000000e+06
6.276850000000000000e+05 7.452525000000000000e+06
6.282110000000000000e+05 7.453421000000000000e+06
6.272400000000000000e+05 7.453368000000000000e+06
6.301210000000000000e+05 7.455276000000000000e+06
6.266590999999999767e+05 7.456623900000000373e+06
6.247715629999999655e+05 7.455172946000000462e+06
6.308158000000000466e+05 7.455710400000000373e+06
6.294901999999999534e+05 7.450388200000000186e+06
6.250367179999999935e+05 7.455226339999999851e+06
6.317344000000000233e+05 7.451128599999999627e+06
6.315210000000000000e+05 7.455321000000000000e+06
6.230186439999999711e+05 7.454977472000000067e+06
6.312759000000000233e+05 7.446977700000000186e+06
6.315568000000000466e+05 7.458399500000000000e+06
6.316311999999999534e+05 7.455746799999999814e+06
