7.732651615000000334e+01 -1.547737760000000051e+01
-4.259313729999999687e+00 2.822428907999999836e+01
-6.379576618000000110e+01 6.200161969999999911e-01
-5.850273514000000397e+00 -1.259985379000000023e+02
3.421077978000000286e+01 -1.424552365000000123e+02
1.285951114000000075e+02 1.204390771000000058e+02
-1.656487132000000031e+02 -4.288936301999999756e+00
-9.657074894999999515e+01 -1.816859377000000109e+02
1.990503319999999974e+02 6.347818477999999942e+01
-1.856991796000000079e+02 9.344030557000000670e+01
9.825000015000000531e+01 -2.192707857000000047e+02
6.888900950999999395e+01 2.398054123999999945e+02
2.504523668999999870e+02 -3.994240546000000336e+01
-1.621188964000000112e+02 2.128152640000000133e+02
1.891065815000000043e+02 2.288136291000000142e+02
-2.810649270999999771e+02 -4.346060614999999672e+01
2.504983809999999949e+02 -1.630688394999999957e+02
-7.620617038999999693e+01 -3.550435200000000009e+02
3.179177745999999729e+02 1.488255163000000039e+02
-3.314738454999999817e+02 1.162758603000000051e+02
6.839994242999999585e+01 4.149817674000000238e+02
-2.830251223000000209e+02 -2.837251764999999750e+02
-3.657346145000000206e+02 3.782567025999999828e+02
5.711198224999999695e+01 -4.940546198999999774e+02
5.006799647999999934e+02 3.165514810999999895e+02
-5.494816366999999673e+02 2.085195653000000107e+02
4.815173403000000008e+02 -4.904434105000000272e+02
-4.107661191000000258e+02 -5.651017706999999746e+02
7.039995212000000038e+02 6.802202558000000465e+01
2.261398110000000088e+02 -8.299628149000000121e+02
-7.614928208000000041e+02 -2.867936818000000017e+02
-1.364078111000000035e+02 -9.271465098999999555e+02
-9.458299793999999849e+01 -5.483996297999999570e+02
-5.471860626000000138e+02 2.916252054000000271e+02
