-3.389412595999999667e+01 -7.127516484000000219e+02
-2.255892920000000146e+01 -6.919838607000000366e+02
2.524593898999999908e+01 -7.444318445000000111e+02
2.094634823999999895e+01 -7.214646460000000161e+02
-2.089371519000000177e+01 -6.535599819999999909e+02
3.782617817999999943e+01 -7.358760817999999517e+02
1.641474012999999843e+01 -6.735736153999999942e+02
-2.062042134000000004e+01 -6.339073418000000402e+02
-4.123929872000000074e+01 -7.259777278000000251e+02
-6.105675388000000225e+01 -7.227928788000000395e+02
-5.704992893000000009e+01 -6.454388456000000360e+02
-7.100601758000000530e+01 -6.558281752999999981e+02
-9.589972539999999412e+01 -6.948901111000000128e+02
-1.032958481999999947e+02 -7.197786976999999524e+02
-1.054387377000000043e+02 -7.550033570000000509e+02
-2.604186156999999824e+01 -7.261888087999999470e+02
-1.539951252000000004e+01 -7.463592278999999508e+02
-8.049715673000000038e+01 -7.651118312999999489e+02
2.382622675999999995e+00 -7.632855571999999711e+02
-8.006703000999999631e+01 -7.803740238000000318e+02
-1.965399721000000000e+01 -7.945952313999999888e+02
3.035174917000000150e+01 -7.739188067999999703e+02
-5.289167607999999632e+00 -8.628538257999999814e+02
-5.736048876000000263e+01 -8.619454140000000280e+02
-7.954380247999999654e+01 -8.289397966000000224e+02
2.757334668000000022e+01 -8.273978100000000495e+02
-1.515894297000000002e+00 -6.168272740999999542e+02
-5.471181707000000216e+01 -6.166892211000000543e+02
8.432301105999999891e+01 -6.981017768000000387e+02
-1.405072279999999978e+02 -6.511640801999999439e+02
-1.595516084999999862e+02 -7.894690248000000565e+02
-1.188674637000000018e+02 -5.826093161999999666e+02
8.909395347999999615e+01 -5.999596999999999980e+02
-2.051490474999999947e+02 -7.246895117000000255e+02
1.037166565999999932e+02 -8.479917404000000261e+02
-1.360704531000000088e+02 -9.020861115999999811e+02
