15.93453511 -700.6757482 -2.32967552
10.73987943 -659.5673638 -2.726261907
-93.14292454 -745.9594809 -1.941492838
2.382622676 -763.2855572 -2.838872989
17.1053716 -766.5338029 -2.842286715
-5.289167608 -862.8538258 -1.546623172
-54.71181707 -616.6892211 -2.521178466
-140.507228 -651.1640802 -0.634931252
-159.5516085 -789.4690248 -0.085066708
108.0977936 -762.8666359 -4.094737047
89.09395348 -599.9597 -5.661962966
-205.1490475 -724.6895117 0.219354398
103.7166566 -847.9917404 -4.492461166
-62.64949425 -519.0658412 -1.506521335
-136.0704531 -902.0861116 0.926477532
210.9519612 -760.3395825 -7.722003145
-201.6202627 -507.5851383 2.951531452
149.605259 -491.5834663 -7.812779422
-320.565229 -763.8611244 2.921013013
210.9983374 -883.4663621 -6.966940771
-71.16718633 -427.3935079 -0.557779025
-115.7063626 -1075.443396 6.891886507
278.4170757 -571.5711321 -11.94579167
-370.9743358 -604.1237343 -0.592510746
159.5060551 -1067.094353 -1.914648891
28.89945077 -305.4170846 -2.93440994
-322.5251719 -1004.125527 -3.523531944
-405.2355233 -342.1436331 -1.631073652
-235.4166998 -182.5357693 0.433037607
-588.9825375 -511.8803954 -3.700789767
442.0178226 -1210.840727 -7.453735492
664.4987582 -652.3727712 -21.8190797
186.6412212 -1550.361343 -8.703981158
336.2164809 47.5583012 -7.732028162
-175.9057296 -1647.546291 2.32885338
738.7298503 -82.15574023 -22.70625636
-1137.979807 9.995963548 -19.62539408
-134.0818847 -1268.798681 1.417837879
384.7919548 -367.4568568 -11.98122352
-768.8428762 -1726.664524 -12.40502338
1123.288651 -455.2698864 -48.84410577
386.3476965 -1962.095365 13.56319193
-124.3585508 -2293.772461 -9.807477083
