-5.086692229727177881e+06 1.581810764407918323e+06
-5.107343623174097389e+06 1.483164694099776680e+06
-5.097471830902107060e+06 1.536598094575215597e+06
-4.896261733969804831e+06 1.884354009368408471e+06
-4.914220615151473321e+06 1.810142906184029765e+06
-4.923543501700096764e+06 1.859437736573843285e+06
-4.970594103564318269e+06 1.849539284131814959e+06
-4.921216874727095477e+06 1.912377444304258330e+06
-5.141570970202129334e+06 1.847408453536611516e+06
-4.929838409331145696e+06 1.766850026082136668e+06
-4.805886721667459235e+06 1.766212701755120186e+06
-5.035967453177690506e+06 1.707514423659533728e+06
-4.931512017482684925e+06 1.753405779165538726e+06
-4.865902876618675888e+06 1.616130275808394188e+06
-4.873313543284306303e+06 1.705960064669899642e+06
-4.887403272579951212e+06 1.672009632461765548e+06
-4.802210517104413360e+06 1.733335002819952089e+06
-4.927439397243378684e+06 1.787599309442321071e+06
-4.879203453106777743e+06 1.827994191336249467e+06
-4.866060714401545003e+06 1.807065549849200528e+06
-5.018558806379538029e+06 1.745054266325504519e+06
-4.845020628279064782e+06 1.836927020003724145e+06
-4.828276826258340850e+06 1.813600461169698276e+06
-4.799746523478370160e+06 1.801530500996251823e+06
-4.860676696598437615e+06 1.768805307871617610e+06
-4.851029137947464362e+06 1.732031209776494186e+06
-4.818352503461995162e+06 1.562354718463017372e+06
-4.872944440060663037e+06 1.818942754293869715e+06
-4.873849222457133234e+06 1.809381207398584578e+06
-4.871908270919561386e+06 1.801949386323804501e+06
-4.892979097282841802e+06 1.872598973503377521e+06
-4.907056129758201540e+06 1.853930143784539076e+06
-4.904631283341162838e+06 1.898685802798086544e+06
-4.989408905638478696e+06 1.804510147697193082e+06
-4.909366360859923996e+06 1.818354509775924496e+06
-4.923104255124499090e+06 1.793303782295626588e+06
-4.941119001543495804e+06 1.864394408761917381e+06
-5.062621037032779306e+06 1.651488254746515071e+06
-4.787215074489659630e+06 1.705361413212516345e+06
-4.752801825754069723e+06 1.526720193720514188e+06
-4.723287003495724872e+06 1.535644384636104573e+06
-4.808649109658998437e+06 1.220938176283647306e+06
-4.628324341926334426e+06 1.658543151704619871e+06
-4.825575162608647719e+06 1.395471348061765544e+06
-4.935860255933441222e+06 1.349705746262273053e+06
-4.743273489830448292e+06 1.927429487652207725e+06
