-4.097918139653061051e+06 3.590933770860334858e+06
-4.098280685662845150e+06 3.590950787011652254e+06
-4.097995819418747444e+06 3.591598326838710811e+06
-2.725489581787524745e+06 -1.350712440972386859e+06
-2.725285371869947761e+06 -1.350432573206743691e+06
-2.726280973721878603e+06 -1.350151952422800008e+06
-2.527818420555514749e+06 -1.467635223842967302e+06
-2.527824475116448011e+06 -1.467537715160074411e+06
-2.527880894984352402e+06 -1.467618078126444016e+06
-3.732161674904132262e+06 1.868271318201105576e+06
-3.732126550913899206e+06 1.868252256194337271e+06
-3.732144266811482608e+06 1.868316005780527368e+06
-3.732152573251824826e+06 1.868239840473034419e+06
-2.455265389637904242e+06 1.340448194499531528e+06
-2.455361034125361126e+06 1.340257136088998057e+06
-2.455599943163649645e+06 1.340399311201832956e+06
-2.477527721534070093e+06 1.384750208218246698e+06
-2.477484117700801231e+06 1.384757897960570175e+06
-4.195915291492694989e+06 3.511303222336972132e+06
-4.195934691302047111e+06 3.511244597473867238e+06
-5.136570990362926386e+06 3.634750341158970259e+06
-5.136556280225460418e+06 3.634805628481417894e+06
-5.136462039376974106e+06 3.635078998326217756e+06
-5.398588923228067346e+06 3.274819850508707576e+06
-5.399212318422736600e+06 3.274199046044320799e+06
-5.399423863750371151e+06 3.274001213446838781e+06
-4.978424644126614556e+06 2.623900002183422912e+06
-4.978336339784750715e+06 2.624012801364611834e+06
-4.978613632523564622e+06 2.623541457434088457e+06
-4.978723463223849423e+06 2.623646929379921872e+06
