3.133094996875210654e+03 9.071273493708389424e+02
3.142489816982194043e+03 9.426525825753569734e+02
3.109241071662308514e+03 8.901883308518210924e+02
3.074842318278020230e+03 9.121583250762930675e+02
3.017721630681446186e+03 8.615050634970564261e+02
3.039248986321062603e+03 8.313248328017398308e+02
3.123102029800766104e+03 8.189923730936118318e+02
3.051710465801731061e+03 7.117093424048357519e+02
3.047737134312068065e+03 5.794166200544129879e+02
3.173668386626439769e+03 7.433502547711980242e+02
3.229366235672244329e+03 6.025176502439064734e+02
3.225328929318929113e+03 7.623126535322783184e+02
3.281331835180183134e+03 7.461073327965076487e+02
3.378097288849601682e+03 7.208861610505598492e+02
3.422005965102128357e+03 8.285412264150841111e+02
3.351999558884256658e+03 8.952120528232724155e+02
3.429524797025537737e+03 9.284578992141919116e+02
3.341010411740900963e+03 1.002093630355525875e+03
3.247074661324864337e+03 8.685146902945639340e+02
3.312123415002011370e+03 8.291422669771086476e+02
3.238348618770799021e+03 8.147488003179587395e+02
2.845358249958266697e+03 7.872603824587315557e+02
2.768416848330259199e+03 1.115067452328363061e+03
2.819071204442015187e+03 9.723243458922794389e+02
2.790416156082312227e+03 1.264604883650879401e+03
2.959506313019700883e+03 1.340084490688869209e+03
3.042420198481420357e+03 1.131488551113226094e+03
3.181886873577410370e+03 1.091290931693357152e+03
3.090214637818462506e+03 1.027259720434794872e+03
3.052621378664885469e+03 9.903297210470625487e+02
3.312732705590989099e+03 1.228313609901128984e+03
3.388012884989915165e+03 1.208098633918489440e+03
3.602744692687460429e+03 1.289784841659102312e+03
3.722347530742201343e+03 1.978202732273056881e+03
3.499221932159881817e+03 1.086002382976289709e+03
3.527519479609553855e+03 9.334088367853411228e+02
3.529592126859004111e+03 8.235428199900509298e+02
3.521572535732047072e+03 6.549958981472655069e+02
3.354562869334291463e+03 5.452731808845835531e+02
3.394995865262439111e+03 5.221949472184592196e+02
3.114355018495471086e+03 4.022043829900051151e+02
2.853681905566653313e+03 4.528212614299073380e+02
2.779571554501564606e+03 6.542026790055438141e+02
2.511528037019902513e+03 9.862724830813453991e+02
2.245426685435238596e+03 1.715171761633396727e+03
1.308634164581604182e+03 1.381699256806804442e+03
1.674583134062421323e+03 2.866764050064245566e+03
2.562972502414909286e+03 5.972873457650783848e+02
3.365432868978435863e+02 3.802094783600308347e+03
-4.644116712346369695e+02 1.551930068196788625e+03
1.088835722955255733e+03 2.712999029512453717e+02
2.290939376975548839e+03 3.453043672393276893e+02
2.547892926082849499e+03 -3.406324856469670692e+01
3.150405994623635706e+03 -1.900486112105925827e+02
4.013255203737072861e+03 6.143488620990035542e+02
4.343227784882489686e+03 1.210555823427613404e+03
4.739957417720608646e+03 1.580614816365469324e+03
3.437007327893769798e+03 4.374239718624758098e+03
5.947962369522659174e+03 3.800465345798399539e+03
6.828068860892728480e+03 1.872232710028088832e+03
6.560571040388117581e+03 -7.270600731701156292e+02
3.124338173527125036e+03 -1.209356917389480486e+03
1.700062987134997002e+03 -1.388934466316640510e+03
-2.786984386629477513e+02 -7.250638842578671301e+02
-4.571479235653090427e+02 8.663677852448023259e+03
1.469057051698407122e+03 7.474910348794634956e+03
3.897610489417795634e+03 6.850031685084632954e+03
4.770754045532013151e+03 5.169872562199809181e+03
4.887336755132210783e+03 3.818499203638994004e+03
5.070908375696588337e+03 3.187375461179732156e+03
1.001965796775096919e+03 2.054272898194707523e+03
2.369031620793498973e+02 1.658641989416582646e+03
-5.613266989888167018e+02 9.493189950287353440e+02
1.160824523015450359e+04 -2.993984092496802987e+02
-1.302604931111467522e+03 -1.459769145759863704e+02
9.579048650033386366e+03 -1.520901916351912178e+03
2.999168935360853993e+03 -1.457293000460134863e+03
3.958060957879189118e+03 -2.068247737956914989e+03
7.864436504457555202e+03 -1.770175299108252602e+03
4.708730036031060081e+03 -2.318772982396500083e+03
5.913336042412312963e+03 -1.731673265845994138e+03
-1.572601883692389265e+03 -3.457216722538548311e+03
-1.334300282757637433e+03 -6.368288354650816473e+03
-4.073945250690489956e+02 -9.092185725370258297e+03
