5.543530129999999900e+01 1.972317522000000167e+01
7.732651615000000334e+01 -1.547737760000000051e+01
5.024060941999999841e+01 6.083113893000000161e+01
3.278896049000000090e+01 3.544741771000000341e+01
-4.259313729999999687e+00 2.822428907999999836e+01
-3.150495352000000082e+01 6.457049806999999930e+01
-5.639987891999999903e+01 2.550905330999999876e+01
-6.379576618000000110e+01 6.200161969999999911e-01
1.345860758000000068e+01 -5.790196848999999979e+00
-1.183400493999999981e+01 -2.627567729000000085e+01
-4.099650540999999748e+01 -4.471276927000000256e+01
4.188285180999999824e+01 -4.288590519000000256e+01
2.833032901000000159e+00 -4.176763393000000235e+01
-5.850273514000000397e+00 -1.259985379000000023e+02
3.421077978000000286e+01 -1.424552365000000123e+02
-4.004395462000000094e+01 -1.085404060999999984e+02
-1.521068338000000075e+01 1.037095627000000064e+02
-1.010065464000000048e+02 6.923582577000000526e+01
-1.200516036000000071e+02 -6.906984556000000453e+01
1.475980026999999950e+02 -4.246823003000000085e+01
1.285951114000000075e+02 1.204390771000000058e+02
-1.656487132000000031e+02 -4.288936301999999756e+00
-2.314896500000000046e+01 2.013332117999999866e+02
-9.657074894999999515e+01 -1.816859377000000109e+02
1.990503319999999974e+02 6.347818477999999942e+01
-1.856991796000000079e+02 9.344030557000000670e+01
9.825000015000000531e+01 -2.192707857000000047e+02
6.888900950999999395e+01 2.398054123999999945e+02
-1.931386893000000100e+02 -1.418162695000000042e+02
2.504523668999999870e+02 -3.994240546000000336e+01
-1.621188964000000112e+02 2.128152640000000133e+02
5.368627184000000163e+00 -2.952885443000000123e+02
1.891065815000000043e+02 2.288136291000000142e+02
2.504983809999999949e+02 -1.630688394999999957e+02
