-2.354166998000000035e+02 -1.825357692999999983e+02
6.644987581999999975e+02 -6.523727711999999883e+02
1.866412211999999897e+02 -1.550361343000000033e+03
3.362164809000000218e+02 4.755830120000000250e+01
-8.009915429000000131e+02 -1.007194073000000003e+03
7.729368067000000337e+02 -1.043854152999999997e+03
-4.673686948000000143e+02 1.368242630999999960e+02
-1.759057296000000008e+02 -1.647546291000000110e+03
7.387298502999999528e+02 -8.215574023000000636e+01
-1.046662636000000020e+03 -6.048645342999999457e+02
7.558413206000000173e+02 -1.622601263999999901e+03
-1.088822914999999938e+02 4.762204641999999808e+02
1.123288651000000073e+03 -4.552698864000000185e+02
-1.137979806999999937e+03 9.995963548000000642e+00
3.863476964999999836e+02 -1.962095364999999902e+03
4.482469952999999805e+02 6.461269628000000012e+02
-1.275851495000000114e+03 -1.433665864999999940e+03
1.241720548999999892e+03 -1.079905150999999933e+03
-8.832209322999999586e+02 5.397100503000000344e+02
-1.243585508000000033e+02 -2.293772461000000021e+03
1.145061893999999938e+03 5.159088394000000335e+02
-1.700499583999999913e+03 -8.206421264000000519e+02
1.365742594000000054e+03 -1.889698288999999932e+03
-4.524801064000000110e+02 1.329185664999999972e+03
-1.175121587999999974e+03 -1.860249587000000020e+03
-3.072826000000000022e+03 1.356894000000000005e+03
-1.708957000000000107e+03 3.351726999999999862e+03
-1.195851000000000113e+03 2.825333999999999833e+03
1.691042999999999893e+03 -3.392262000000000171e+03
3.931032999999999902e+03 -2.632016000000000076e+03
2.280786999999999807e+03 1.505548000000000002e+03
3.681679000000000087e+03 1.562488000000000056e+03
2.972534999999999854e+03 1.946261999999999944e+03
3.691342000000000098e+03 4.644145000000000437e+03
-5.033144245999999953e+02 -8.154663637999999537e+02
4.868029999999999745e+03 5.781006999999999607e+03
