2.109519611999999995e+02 -7.603395825000000059e+02
1.761245514999999884e+01 -1.214453361999999970e+03
-2.354166998000000035e+02 -1.825357692999999983e+02
-2.038338622999999927e+02 -1.306430276000000049e+03
4.420178225999999881e+02 -1.210840727000000015e+03
4.775389385999999803e+01 6.712806476999999461e+01
-4.502647327999999902e+02 -1.285500369999999975e+03
6.644987581999999975e+02 -6.523727711999999883e+02
1.866412211999999897e+02 -1.550361343000000033e+03
3.362164809000000218e+02 4.755830120000000250e+01
-8.009915429000000131e+02 -1.007194073000000003e+03
7.729368067000000337e+02 -1.043854152999999997e+03
-4.673686948000000143e+02 1.368242630999999960e+02
-1.759057296000000008e+02 -1.647546291000000110e+03
7.387298502999999528e+02 -8.215574023000000636e+01
-1.046662636000000020e+03 -6.048645342999999457e+02
7.558413206000000173e+02 -1.622601263999999901e+03
-1.088822914999999938e+02 4.762204641999999808e+02
-7.688428761999999779e+02 -1.726664524000000029e+03
1.123288651000000073e+03 -4.552698864000000185e+02
-1.137979806999999937e+03 9.995963548000000642e+00
3.863476964999999836e+02 -1.962095364999999902e+03
4.482469952999999805e+02 6.461269628000000012e+02
-1.275851495000000114e+03 -1.433665864999999940e+03
1.241720548999999892e+03 -1.079905150999999933e+03
-8.832209322999999586e+02 5.397100503000000344e+02
-1.243585508000000033e+02 -2.293772461000000021e+03
1.145061893999999938e+03 5.159088394000000335e+02
-1.700499583999999913e+03 -8.206421264000000519e+02
1.365742594000000054e+03 -1.889698288999999932e+03
-4.524801064000000110e+02 1.329185664999999972e+03
-1.175121587999999974e+03 -1.860249587000000020e+03
-5.866863143000000491e+02 -4.287748674000000051e+02
-1.195851000000000113e+03 2.825333999999999833e+03
2.280786999999999807e+03 1.505548000000000002e+03
2.320339731999999913e+02 -2.966819557000000032e+02
3.847919547999999850e+02 -3.674568568000000255e+02
-2.807876999999999953e+03 1.412597999999999956e+03
1.691042999999999893e+03 -3.392262000000000171e+03
2.972534999999999854e+03 1.946261999999999944e+03
