5.606192498999999607e+00 7.646657745999999811e+00
2.204659589999999980e+01 1.078995867999999980e+01
1.694135430000000042e+01 2.841476915999999875e+01
3.407993959000000217e+01 -3.391862607999999835e+00
6.474618648999999948e+01 -2.403185155999999978e+01
6.044668676999999946e+01 -1.065310291000000076e+00
5.543530129999999900e+01 1.972317522000000167e+01
4.898284000000000304e+01 3.332294429000000235e+01
2.966575935999999913e+01 5.657212469000000254e+01
1.860625963000000027e+01 6.683839826000000528e+01
7.732651615000000334e+01 -1.547737760000000051e+01
7.624572829999999612e+01 -2.409513120000000008e-01
4.046709478999999732e+01 1.774387370999999902e+01
5.591553453000000218e+01 4.682567974999999905e+01
5.024060941999999841e+01 6.083113893000000161e+01
1.888013305999999858e+01 8.649162757000000568e+01
3.278896049000000090e+01 3.544741771000000341e+01
-1.738279306999999996e+00 -5.579011385000000267e+00
-1.080422027000000007e+01 9.190034674999999709e+00
-2.155636297999999940e+01 -2.392685397999999797e+00
-4.259313729999999687e+00 2.822428907999999836e+01
-4.143362048000000186e+00 6.765676897000000167e+01
-1.990369336999999916e+01 5.282680652999999893e+01
-3.497430940000000277e+01 3.574249598000000105e+01
-4.502243038999999669e+01 1.550531007000000017e+01
-4.737263533000000137e+01 -1.186280086000000011e+01
-5.364302244000000286e+01 -2.556059112000000155e+01
-1.754996240999999912e+01 7.496021269999999959e+01
-3.150495352000000082e+01 6.457049806999999930e+01
-2.898020434000000023e+01 2.192776250000000005e+01
-5.639987891999999903e+01 2.550905330999999876e+01
-6.379576618000000110e+01 6.200161969999999911e-01
-6.593883390999999961e+01 -3.460348783999999966e+01
-3.740232290000000148e+01 2.226137174000000218e+00
1.345860758000000068e+01 -5.790196848999999979e+00
2.410057422999999943e+01 -2.595933768000000086e+01
-1.183400493999999981e+01 -2.627567729000000085e+01
-4.099650540999999748e+01 -4.471276927000000256e+01
-2.468965920000000125e+01 -5.075077976000000035e+01
-2.839375340000000136e+00 -5.746182237000000015e+01
1.640689161999999968e+01 -5.820857191999999714e+01
4.188285180999999824e+01 -4.288590519000000256e+01
5.660599031999999653e+01 -4.613511077999999799e+01
-4.056702917999999869e+01 -5.997433877000000280e+01
-2.400541606000000172e+01 -6.642052338000000589e+01
2.833032901000000159e+00 -4.176763393000000235e+01
1.984640161000000091e+01 -7.419632398999999623e+01
3.797693002999999834e+01 -6.854627003999999602e+01
6.985249281999999482e+01 -5.351969611999999898e+01
2.445367016000000149e+01 -4.393559428999999739e+01
-3.749002323999999930e+01 -8.513440862000000209e+01
-2.417916508000000064e+01 -9.296901284999999859e+01
-5.974014262999999936e+00 -1.019648368999999946e+02
1.923642303999999825e+01 -9.665412508000000003e+01
3.761611223999999964e+01 -9.671926786999999592e+01
5.170771617999999847e+01 -8.829022922000000051e+01
-2.120426090999999857e+01 -1.144067105999999967e+02
-5.850273514000000397e+00 -1.259985379000000023e+02
4.179529649999999918e+01 -1.162228912000000065e+02
3.421077978000000286e+01 -1.424552365000000123e+02
-1.786053801999999990e+01 -1.415462123000000076e+02
-4.004395462000000094e+01 -1.085404060999999984e+02
2.800573248999999976e+01 -1.226067709000000008e+02
6.707411455000000444e+01 -1.069983052999999984e+02
3.798448671999999959e+01 1.035715873999999985e+02
-1.521068338000000075e+01 1.037095627000000064e+02
1.238238479000000041e+02 2.229677914000000172e+01
-1.010065464000000048e+02 6.923582577000000526e+01
-1.200516036000000071e+02 -6.906984556000000453e+01
1.475980026999999950e+02 -4.246823003000000085e+01
-7.936662090000000092e+01 1.377899820000000091e+02
1.285951114000000075e+02 1.204390771000000058e+02
-1.656487132000000031e+02 -4.288936301999999756e+00
1.432167720999999858e+02 -1.275928997999999979e+02
-2.314896500000000046e+01 2.013332117999999866e+02
-9.657074894999999515e+01 -1.816859377000000109e+02
1.990503319999999974e+02 6.347818477999999942e+01
-1.856991796000000079e+02 9.344030557000000670e+01
9.825000015000000531e+01 -2.192707857000000047e+02
6.888900950999999395e+01 2.398054123999999945e+02
-1.931386893000000100e+02 -1.418162695000000042e+02
2.504523668999999870e+02 -3.994240546000000336e+01
-1.621188964000000112e+02 2.128152640000000133e+02
5.368627184000000163e+00 -2.952885443000000123e+02
1.891065815000000043e+02 2.288136291000000142e+02
-2.810649270999999771e+02 -4.346060614999999672e+01
2.504983809999999949e+02 -1.630688394999999957e+02
-3.166540785999999841e+01 2.930053335000000061e+02
-7.620617038999999693e+01 -3.550435200000000009e+02
3.179177745999999729e+02 1.488255163000000039e+02
-3.314738454999999817e+02 1.162758603000000051e+02
1.990053617000000088e+02 -3.466965619999999717e+02
6.839994242999999585e+01 4.149817674000000238e+02
-2.830251223000000209e+02 -2.837251764999999750e+02
4.665134431000000177e+02 -2.108716258999999837e+01
-3.657346145000000206e+02 3.782567025999999828e+02
5.711198224999999695e+01 -4.940546198999999774e+02
2.715359214999999722e+02 4.237157460000000242e+02
-4.638137348000000202e+02 -9.506702495000000397e+01
4.604730175000000258e+02 -2.523769977999999981e+02
-1.959150634000000082e+02 5.378643598999999540e+02
-1.643353850999999963e+02 -5.860306745999999976e+02
5.006799647999999934e+02 3.165514810999999895e+02
-5.494816366999999673e+02 2.085195653000000107e+02
4.815173403000000008e+02 -4.904434105000000272e+02
8.725691534000000615e+01 7.875270169000000351e+02
-4.107661191000000258e+02 -5.651017706999999746e+02
7.039995212000000038e+02 6.802202558000000465e+01
-5.231320320999999467e+02 4.059481839000000036e+02
2.261398110000000088e+02 -8.299628149000000121e+02
3.757188945999999987e+02 7.679553842000000259e+02
-7.614928208000000041e+02 -2.867936818000000017e+02
8.124364156000000321e+02 -3.234583248999999796e+02
-4.278659981000000130e+02 8.572244375999999875e+02
-1.364078111000000035e+02 -9.271465098999999555e+02
7.782316123000000516e+02 6.382386056999999937e+02
-1.007162257999999952e+03 1.155356115999999957e+02
7.953399150999999847e+02 -9.022035091999999850e+02
-6.937877287000000592e+01 1.196620359000000008e+03
-7.293461178000000018e+02 -1.006264604999999960e+03
1.162789770000000090e+03 2.651208320000000072e+02
-1.098477622000000110e+03 7.303959889000000203e+02
4.258450828000000001e+02 -1.241695656000000099e+03
4.877511814999999729e+02 1.366523897000000034e+03
-1.236352861999999959e+03 -7.132669849000000113e+02
1.281219886000000088e+03 -3.595122974999999883e+02
-8.437173183999999537e+02 1.260112693000000036e+03
-8.486186813000000484e+01 -1.573373417000000018e+03
1.184564980000000105e+03 1.236300993000000062e+03
-1.661000050999999985e+03 -1.002414799999999957e+02
1.405240148999999974e+03 -1.169299420999999938e+03
-4.129744575000000282e+02 2.049586032000000159e+03
-1.135624503000000004e+03 -1.139852141999999958e+03
-9.458299793999999849e+01 -5.483996297999999570e+02
4.242930680000000052e+02 3.529390192999999840e+02
-5.471860626000000138e+02 2.916252054000000271e+02
5.254480729000000139e+01 1.605842591999999911e+02
5.570967799999999581e-01 -2.002305382000000122e+02
-7.557874467999999979e+03 5.509615648000000192e+02
-6.448301274999999805e+03 1.849946562999999969e+03
-6.254848936999999751e+03 1.201382974999999988e+03
-4.786173453000000336e+03 1.866687597000000096e+03
-4.378476074000000153e+03 1.957776929999999993e+03
-3.033321417000000110e+03 2.077291923000000224e+03
-2.768371913999999833e+03 2.132996822000000066e+03
-1.919241011999999955e+03 4.126139283999999861e+03
-1.669446521000000075e+03 4.072129625999999917e+03
-1.156340899000000036e+03 3.545737654999999904e+03
1.730536489000000074e+03 -2.671868738000000121e+03
2.432632513999999901e+03 -4.275530348999999660e+03
3.379042527000000064e+03 -5.286628977000000305e+03
3.506831318000000010e+03 -2.099451027999999951e+03
3.546873751000000084e+03 -6.070165390000000116e+03
3.970528025999999954e+03 -1.911633389000000079e+03
4.802522206999999980e+03 -1.835160135999999966e+03
5.421857237000000168e+03 -5.372212190999999621e+03
6.332624101999999766e+03 -5.713768804999999702e+03
2.320292152999999871e+03 2.225928123000000141e+03
3.721183712000000014e+03 2.282859050999999909e+03
3.554985865000000103e+03 2.641815216999999848e+03
3.012041548000000148e+03 2.666638578000000052e+03
3.827872808000000077e+03 2.709995887000000039e+03
3.970192108000000189e+03 3.253940711000000192e+03
4.369366597000000183e+03 3.559810962999999902e+03
4.167279432999999699e+03 3.866209989999999834e+03
3.867279403000000002e+03 4.379905628999999863e+03
3.730855774000000110e+03 5.364516327000000274e+03
4.907546041999999943e+03 6.501369947000000138e+03
5.236244139000000359e+03 8.287930515000000014e+03
6.491662338000000091e+03 8.607029432999999699e+03
2.486233443000000154e+00 1.684663338000000010e+02
-9.785640327999999499e+00 1.731667295999999965e+02
-1.864455466000000072e+01 1.731923846999999910e+02
-1.887106032000000155e+01 1.291160180999999909e+02
-8.887874452000000147e+00 1.252250283999999994e+02
6.143228130000000231e-01 1.344455355999999995e+02
-8.494703874000000710e+00 1.555405058999999994e+02
-1.646856138000000058e+01 1.515796888000000138e+02
-9.344560890000000342e+00 1.459629955000000052e+02
3.607373083999999785e+00 1.507779357000000005e+02
-2.581776491000000107e+01 1.596977598000000000e+02
-2.353686283000000046e+01 1.456823771999999906e+02
2.555189808999999812e+00 1.603895200999999986e+02
-9.716600529999999125e+00 1.650893839000000014e+02
-1.857585171999999929e+01 1.651050117000000057e+02
-1.894035197999999909e+01 1.372132702000000108e+02
-1.104613332999999997e+01 1.330158385999999950e+02
-1.185871158000000092e+00 1.424192363999999884e+02
-4.770744000999999912e+01 1.782504006000000061e+02
-4.219637263999999988e+01 1.187356352999999984e+02
2.431669631999999837e+01 1.253087268000000023e+02
2.434422808000000060e+01 1.808653749000000062e+02
3.950225320999999923e+01 7.203988835999999765e+02
