0.000034 -0.000482 -0.000182
9.384675 35.527961 -0.728308
-23.848824 -16.945799 -0.852907
-58.253583 5.013949 -1.429309
-115.359713 -45.655873 -1.260387
-93.823508 -75.830790 -1.165416
-9.967470 -88.138263 -0.921046
-81.327617 -195.442040 -0.147724
-85.263180 -327.735569 0.501040
40.620005 -163.764863 0.110812
96.358268 -304.582511 1.156060
92.276190 -144.787490 0.245032
148.283098 -160.977270 0.296028
245.055053 -186.169824 1.065558
288.933439 -78.503141 0.217841
218.908283 -11.852038 -0.537098
296.422838 21.416218 -0.452997
207.887199 95.026256 -1.329615
113.990707 -38.580420 -0.592666
179.050284 -77.934243 -0.063904
105.279896 -92.348923 -0.323988
-287.701951 -119.950951 -2.226115
-364.737437 207.833684 -4.529445
-314.041974 65.105430 -3.275907
-342.781675 357.377250 -5.533584
-173.713285 432.906680 -5.227259
-90.739114 224.335541 -3.487306
48.739135 184.177426 -2.411254
-42.914824 120.120119 -2.668613
-80.496872 83.178649 -2.648939
179.545204 321.238343 -3.044943
254.830559 301.045870 -3.017957
469.538650 382.794078 -2.996486
588.942714 1071.247554 -6.808663
366.074255 178.980953 -1.274858
394.416687 26.396736 0.144053
396.519774 -83.469690 0.429445
388.548454 -252.018996 2.032838
221.571885 -361.790409 1.636246
262.011788 -384.856931 2.060840
-18.593990 -504.929052 1.447110
-279.281893 -454.388033 -0.407097
-353.449458 -253.027859 -1.770209
-621.587887 78.964514 -5.147383
-887.899616 807.786845 -11.092553
-1824.594568 474.040687 -10.097808
-1459.075242 1959.213115 -17.518840
-570.031299 -310.005892 -2.673078
-2797.386078 2894.153209 -20.131405
-3597.691616 643.754308 -7.716753
-2044.072626 -636.423604 -4.939236
-841.990671 -562.068703 -2.760686
-584.927978 -941.361411 0.113582
17.627264 -1097.172129 4.604640
880.243363 -292.523291 3.031308
1210.043286 303.780584 -0.394032
1606.666853 673.955181 -3.399833
302.911786 3467.202829 -20.975271
2814.029522 2894.159569 -14.002090
3694.690924 966.181621 1.524240
3427.944857 -1633.190226 13.326091
-8.145305 -2116.488860 11.043592
-1432.368530 -2296.480756 11.230172
-3411.321581 -1633.188110 5.934455
537.407471 -40.486412 2.084539
-56.394373 153.128869 -1.554837
-139.938726 217.219008 -2.438523
74866.838909 47644.858812 -633.108599
-52974.692943 49840.290457 -542.936941
-31902.163098 50097.306041 -379.220883
-15471.225813 45432.394890 -270.764036
-81518.942906 44530.384170 -814.662620
-2064.300415 38925.348008 -188.869584
3591.566371 30554.764972 -146.911802
68980.625094 23214.480257 -440.246691
8944.115794 24133.508107 -118.238769
12745.904291 16854.671868 -94.135184
11928.743437 10040.228975 -10.021876
-6672.048799 8241.035316 -45.465766
-11309.111913 7666.852870 -60.177725
-3592.529580 7756.950498 -45.380923
-1716.927407 6548.930869 -36.891754
-16003.320701 5976.106699 -52.312961
763.472851 5944.236732 -31.722696
57794.299592 5825.216919 -222.013923
12464.966869 4796.527375 27.015396
1637.243809 4264.047137 -20.766556
1754.217079 2912.492770 -13.975201
-20404.642587 2894.094012 -39.900673
1938.045841 2281.366049 -10.341322
10284.647663 1985.645611 60.509591
-1305.285452 1348.814843 -13.763535
-892.145052 1292.973080 -12.330770
-455.472738 1171.915397 -10.611253
-2131.259788 1146.765701 -10.817086
1991.445723 1121.955934 -5.657632
63.914413 880.746136 -6.139302
-2896.385842 750.955083 -8.119149
-269.541065 710.536768 -6.273040
143.531207 566.169305 -3.774809
1765.416018 463.458581 -0.139312
-307.742943 444.859354 -4.670893
-11.135908 407.051909 -3.021243
-835.783117 435.988016 -7.047887
-207.321523 247.932567 -2.875958
126.233036 194.820791 -0.902658
-451.465296 182.614832 -3.657336
-3.710125 182.291497 -1.581871
812.151565 132.584839 0.887783
53.323017 121.970760 -0.980729
-312.342270 111.654560 -2.447667
-138.615819 99.793001 -1.791403
-21.865418 90.701238 -1.030789
60.824527 81.165191 -0.649952
10.938174 79.613130 -0.869958
-112.766562 79.169103 -1.450974
-45.942221 67.416386 -1.110772
338.374341 57.542021 0.730963
-205.420541 57.213227 -1.843114
-12.946496 55.107478 -0.790499
-79.857067 52.668034 -1.190470
-148.616881 48.786931 -1.401398
40.733497 42.245697 -0.521769
-3694.519847 41.277475 -3.340082
179.096504 41.356657 0.286198
-50.109474 36.368767 -0.900858
-820.024266 30.682965 -4.523652
-114.797574 23.283492 -1.131694
-82.730807 22.507803 -0.931764
67.836677 8.314840 -0.150964
125.933787 -1.775554 0.216964
-181.017728 -2.774573 -1.033961
-106.960571 -6.210773 -0.922805
1397.872334 -7.438336 3.244934
29.055178 -7.319793 -0.023058
-140.310179 -18.187083 -0.855212
-55.617486 -27.611412 -0.474283
-84.848481 -39.476023 -0.404669
12.758566 -44.687346 -0.084284
46.529693 -48.679059 0.125561
-360.651753 -53.231034 -1.755058
-147.523112 -54.113130 -0.487029
-19.863556 -56.440623 -0.095501
-52.484844 -61.651907 0.003701
77.579552 -75.180476 0.481418
23.689756 -82.055335 0.351074
-579.190552 -87.836064 -2.775598
-184.398214 -95.473300 -0.543557
-126.657149 -98.023201 -0.132866
-38.228977 -103.456091 0.257047
-101.402257 -121.751918 0.124688
-11.432727 -136.831576 0.615075
190.897242 -137.055119 1.613263
-263.731770 -195.049064 -0.322262
-24.039807 -205.468869 1.112344
352.640775 -216.673223 2.698683
-157.255242 -217.556711 0.434176
43.022812 -243.723097 1.524341
-374.150890 -305.603543 -0.210238
1124.311370 -312.530229 5.359891
13.054905 -343.962691 1.896949
-590.212526 -360.278839 -1.673574
113.935177 -382.772720 2.538334
501.403123 -476.591108 5.120588
82.327644 -602.433335 3.898376
-713.404800 -644.702330 -1.094844
-343.539218 -703.009551 1.370457
331.775486 -810.345538 6.205181
8477.516861 -1204.151938 40.381362
-1049.291091 -885.737313 -0.095724
-4435.648832 -1054.424297 3.482527
-948.690179 -1358.777693 3.375036
-589.777136 -1839.582135 7.004289
6448.368101 -2426.475194 33.740709
-132.702951 -2364.715805 13.318914
-24908.655571 -1790.402079 11.789371
-4989.735028 -2596.734901 12.597565
826.509554 -2975.540047 22.953524
4792.027068 -2663.072429 30.618913
1577.411214 -3225.856025 29.301355
2782.046181 -2638.298764 23.289970
-4704.733205 -4366.323865 19.144482
-4465.570939 -7277.918092 39.369147
42480.513122 -5282.844487 -42.802804
-2975.189410 -9875.352582 75.503716
-28615.690120 -10784.740989 -19.760471
-1924.291706 -14266.835367 95.215266
34509.450094 -14644.297953 -2.470224
1449.732364 -16895.446983 115.470561
6233.082659 -18491.762102 235.892063
24247.716378 -18961.585465 81.654979
18347.336375 -17342.193944 159.802729
-32019.824862 -21968.597338 -13.260052
-35004.914965 -36536.025385 -56.666054
-26144.635641 -54181.934538 -196.200531
-16779.884083 -69325.880799 -360.036620
5245.089039 -89451.899186 -508.285700
