-4.892010004650171846e+06 1.842169867956465343e+06
-4.891964711747527122e+06 1.842263667725965846e+06
-4.892324064410798252e+06 1.841723039040536853e+06
-4.892292204036805779e+06 1.841617621418914059e+06
-4.892265794009620324e+06 1.841850632708519697e+06
-4.892233027096740901e+06 1.841700469741556793e+06
-4.892179779787929729e+06 1.841831515377161326e+06
-4.892165158884115517e+06 1.842004791621448705e+06
-4.892111078048295341e+06 1.841937659326863708e+06
-4.892094976083208807e+06 1.842092400953528704e+06
-4.892048099615572020e+06 1.841988617311591748e+06
-4.891981924625256099e+06 1.842117013357877498e+06
-4.891991839240353554e+06 1.842304389878328191e+06
-4.891967744576816447e+06 1.842154701737816446e+06
-4.891943358912151307e+06 1.842348127146059182e+06
-4.891928109904439189e+06 1.842219302331130020e+06
-4.892352812312341295e+06 1.841826752223482355e+06
-4.892237092506616376e+06 1.841659754243434640e+06
-4.892272378271619789e+06 1.841882840932785068e+06
-4.892172016906417906e+06 1.841728362328959629e+06
-4.892233833838063292e+06 1.841987723125441698e+06
-4.892120310981372371e+06 1.841813500489930855e+06
-4.892178837945383042e+06 1.842096226350405021e+06
-4.892047858975991607e+06 1.841877919682852458e+06
-4.892105995159080252e+06 1.842187776115603745e+06
-4.892012124808702618e+06 1.842015042167683830e+06
-4.892079712740773335e+06 1.842258093199144350e+06
-4.891930167727376334e+06 1.842096314938732190e+06
-4.892029681661183015e+06 1.842318959697098704e+06
-4.891863430818066932e+06 1.842135643651131075e+06
-4.892393061216196045e+06 1.841899369503383292e+06
-4.892163713043618947e+06 1.841626702297098702e+06
-4.892294060509616509e+06 1.841973774783749133e+06
-4.892088555415073410e+06 1.841736807055068901e+06
-4.892255186471392401e+06 1.842102303352107061e+06
-4.892022302097027190e+06 1.841798185144934803e+06
-4.892198442069535144e+06 1.842180631861800328e+06
-4.891991148746650666e+06 1.841878324275192339e+06
-4.892182935577930883e+06 1.842217975100531476e+06
-4.891945229697086848e+06 1.841988801996731199e+06
-4.892093545884229243e+06 1.842339730785313761e+06
-4.891855835370065644e+06 1.842107187726549571e+06
-4.892355510740745813e+06 1.842077901707499521e+06
-4.892046852285886183e+06 1.841589223603752907e+06
-4.892310170931426808e+06 1.842143547474432504e+06
-4.892018945044892840e+06 1.841675775986049790e+06
-4.892290435472184792e+06 1.842197593277157517e+06
-4.891960405959818512e+06 1.841816302623078693e+06
-4.892198150268772617e+06 1.842330506517393049e+06
-4.891900435750991106e+06 1.841843839857350336e+06
-4.892150732169120573e+06 1.842416067809326109e+06
-4.891877006935186684e+06 1.841935659723864868e+06
-4.892045411759454757e+06 1.842083861667120131e+06
-4.892171312862877734e+06 1.841861753347153543e+06
-4.892128512873852625e+06 1.842126554031242384e+06
-4.891964455476566218e+06 1.842034035190392518e+06
-4.892073987630974501e+06 1.841692363947259262e+06
-4.892289318895916454e+06 1.841695036604896886e+06
-4.891923636319144629e+06 1.842298813046303578e+06
-4.892311806949912570e+06 1.842090000622689025e+06
-4.892363826434815302e+06 1.841797308577314718e+06
-4.892220758380879648e+06 1.842252629912419710e+06
-4.891958748743324541e+06 1.842379886232012883e+06
-4.891927461394769140e+06 1.841812514733734075e+06
-4.891846677206564695e+06 1.842213228361072950e+06
-4.892050511550394818e+06 1.842420715174543904e+06
-4.891990700355656445e+06 1.841653739780297503e+06
-4.891811708927368745e+06 1.842028025752994465e+06
-4.891811767605420202e+06 1.842328903938150499e+06
-4.892447385480314493e+06 1.841843436072198441e+06
-4.892356979698310606e+06 1.842198661956578959e+06
-4.891771359727447852e+06 1.842185368997396668e+06
-4.892206984551652335e+06 1.842410258137645898e+06
-4.892224762657365762e+06 1.841443303072737297e+06
-4.892447093257043511e+06 1.841539134251401993e+06
-4.892132917329177260e+06 1.842540551380242920e+06
-4.892513977127129212e+06 1.841672350070674438e+06
-4.892510331649914384e+06 1.842010682929398492e+06
-4.891741035340205766e+06 1.841885795841346728e+06
-4.891839408334182575e+06 1.841809786918560043e+06
-4.892087762347044423e+06 1.841385357182683190e+06
-4.892325482944278978e+06 1.841430228070172947e+06
-4.892310614466186613e+06 1.841299747183864238e+06
-4.892058108048158698e+06 1.842053753123326693e+06
-4.892185531597223133e+06 1.841874200297915842e+06
-4.892117700947667472e+06 1.842109469172903337e+06
-4.892216879409402609e+06 1.842022465290718945e+06
-4.892089834563259035e+06 1.841793173719853396e+06
-4.892314343526287004e+06 1.841682171023297589e+06
-4.892271285524246283e+06 1.841757591326615773e+06
-4.892215269831627607e+06 1.841868033595106564e+06
-4.892174307430148125e+06 1.841920226171360817e+06
-4.892120967570801266e+06 1.841969595965046436e+06
-4.892032686314901337e+06 1.842064882893418195e+06
