-1.605405699128809385e+06 2.335267756392322481e+06
-1.605407735777573660e+06 2.335289354522015899e+06
-1.605365162444560323e+06 2.335241797193944454e+06
-1.605378902961145621e+06 2.335260261617690325e+06
-1.605337490107390564e+06 2.335222725046950392e+06
-1.605401607027594931e+06 2.335303462137216702e+06
-1.605364766434897203e+06 2.335271982147623785e+06
-1.605356087492245249e+06 2.335262817009879276e+06
-1.605354009665220510e+06 2.335270717734769918e+06
-1.605334702313986607e+06 2.335249916141069494e+06
-1.605341310327546671e+06 2.335268278764436021e+06
-1.605347315393452998e+06 2.335277923519486561e+06
-1.605311422946117353e+06 2.335266946172719821e+06
-1.605326639313957188e+06 2.335299933529552072e+06
-1.605308450438345317e+06 2.335289028920387849e+06
