-5.556000000000000227e+01 1.248010000000000019e+02 3.768039999999999736e+02
1.774670000000000130e+02 -4.337700000000000244e+01 3.750079999999999814e+02
-2.171000000000000085e+01 7.700499999999999545e+01 3.763519999999999754e+02
9.180899999999999750e+01 -8.056499999999999773e+01 3.757610000000000241e+02
1.536999999999999886e+02 -2.599289999999999736e+02 3.764830000000000041e+02
-6.758199999999999363e+01 -2.236100000000000065e+01 3.761750000000000114e+02
-1.180370000000000061e+02 -3.987299999999999756e+01 3.760550000000000068e+02
-8.751600000000000534e+01 1.251970000000000027e+02 3.770330000000000155e+02
-1.959799999999999898e+02 1.897949999999999875e+02 3.771669999999999732e+02
-1.981939999999999884e+02 9.515000000000000568e+01 3.770280000000000200e+02
-2.844569999999999936e+02 -1.961810000000000116e+02 3.749100000000000250e+02
-3.881519999999999868e+02 -4.402199999999999847e+01 3.753840000000000146e+02
-4.526859999999999786e+02 -1.593299999999999983e+01 3.751270000000000095e+02
-4.688170000000000073e+02 1.851870000000000118e+02 3.747719999999999914e+02
-3.645240000000000009e+02 1.830980000000000132e+02 3.757520000000000095e+02
-3.696080000000000041e+02 2.664839999999999804e+02 3.752559999999999718e+02
-5.180460000000000491e+02 6.325030000000000427e+02 3.726569999999999823e+02
-4.899429999999999836e+02 6.045679999999999836e+02 3.729549999999999841e+02
-5.755570000000000164e+02 4.150079999999999814e+02 3.734139999999999873e+02
-5.856749999999999545e+02 -1.015300000000000011e+02 3.752400000000000091e+02
-6.534669999999999845e+02 1.422549999999999955e+02 3.744970000000000141e+02
-6.850270000000000437e+02 2.121680000000000064e+02 3.742760000000000105e+02
-1.079597999999999956e+03 8.701800000000000068e+01 3.771009999999999991e+02
-1.026074000000000069e+03 5.745270000000000437e+02 3.741469999999999914e+02
-3.337579999999999814e+02 1.660731999999999971e+03 3.712939999999999827e+02
-2.271510000000000105e+02 8.981290000000000191e+02 3.737620000000000005e+02
-1.737170000000000130e+02 7.816380000000000337e+02 3.742669999999999959e+02
-2.569519999999999982e+02 8.920049999999999955e+02 3.735600000000000023e+02
-1.950180000000000007e+02 7.628930000000000291e+02 3.741419999999999959e+02
-2.496469999999999914e+02 7.317089999999999463e+02 3.738439999999999941e+02
-3.006960000000000264e+02 7.043260000000000218e+02 3.735600000000000023e+02
-8.894710000000000036e+02 1.088135999999999967e+03 3.705360000000000014e+02
7.163930000000000291e+02 1.405255000000000109e+03 3.747980000000000018e+02
2.880659999999999741e+02 6.182649999999999864e+02 3.751709999999999923e+02
2.383100000000000023e+02 7.684130000000000109e+02 3.758559999999999945e+02
2.278779999999999859e+02 8.197240000000000464e+02 3.758050000000000068e+02
6.144299999999999784e+01 8.152549999999999955e+02 3.760539999999999736e+02
-5.887400000000000233e+01 8.105299999999999727e+02 3.752219999999999800e+02
3.522399999999999665e+01 9.502419999999999618e+02 3.763460000000000036e+02
1.014999999999999902e+00 1.412363000000000056e+03 3.738389999999999986e+02
8.399429999999999836e+02 9.902269999999999754e+02 3.728279999999999745e+02
1.177294000000000096e+03 8.586319999999999482e+02 3.722889999999999873e+02
1.313611000000000104e+03 5.533719999999999573e+02 3.705129999999999768e+02
5.561219999999999573e+02 2.444850000000000136e+02 3.723129999999999882e+02
5.715410000000000537e+02 3.592099999999999795e+02 3.725450000000000159e+02
4.888570000000000277e+02 4.249800000000000182e+02 3.730000000000000000e+02
5.285979999999999563e+02 5.391939999999999600e+02 3.728340000000000032e+02
3.810690000000000168e+02 6.528640000000000327e+02 3.742959999999999923e+02
1.100944999999999936e+03 1.517599999999999909e+02 3.691619999999999777e+02
1.201132000000000062e+03 -4.432500000000000000e+02 3.684560000000000173e+02
4.986290000000000191e+02 -2.645939999999999941e+02 3.732450000000000045e+02
3.011929999999999836e+02 -4.895199999999999818e+01 3.746250000000000000e+02
3.706480000000000246e+02 -3.841499999999999915e+01 3.743509999999999991e+02
5.443239999999999554e+02 -9.115200000000000102e+01 3.728360000000000127e+02
5.067930000000000064e+02 -3.216000000000000192e+00 3.728229999999999791e+02
5.237269999999999754e+02 7.549399999999999977e+01 3.726349999999999909e+02
6.537740000000000009e+02 -1.037748000000000047e+03 3.711890000000000214e+02
4.429900000000000091e+02 -8.353060000000000400e+02 3.723210000000000264e+02
-5.880100000000000193e+01 -5.053319999999999936e+02 3.729329999999999927e+02
3.706499999999999773e+01 -4.050500000000000114e+02 3.740470000000000255e+02
2.328420000000000130e+02 -3.578910000000000196e+02 3.752760000000000105e+02
2.579839999999999804e+02 -3.664529999999999745e+02 3.752370000000000232e+02
3.256879999999999882e+02 -3.185079999999999814e+02 3.750450000000000159e+02
3.261009999999999991e+02 -3.063070000000000164e+02 3.751440000000000055e+02
-4.124569999999999936e+02 -4.090600000000000023e+02 3.739959999999999809e+02
-1.418979999999999961e+02 -4.202610000000000241e+02 3.735179999999999723e+02
-4.802699999999999818e+02 -8.173239999999999554e+02 3.757909999999999968e+02
-5.755330000000000155e+02 -8.637820000000000391e+02 3.756070000000000277e+02
-6.740209999999999582e+02 -6.388709999999999809e+02 3.754080000000000155e+02
-6.314030000000000200e+02 -2.451069999999999993e+02 3.755799999999999841e+02
-6.332369999999999663e+02 -1.693619999999999948e+02 3.756499999999999773e+02
-5.685399999999999636e+02 -2.576600000000000250e+02 3.752769999999999868e+02
-1.999809999999999945e+03 2.068499999999999943e+02 3.729209999999999923e+02
-1.770140000000000100e+03 5.359000000000000341e+01 3.744399999999999977e+02
-1.600210000000000036e+03 -6.426000000000000512e+01 3.755350000000000250e+02
-1.473170000000000073e+03 -1.943199999999999932e+02 3.762180000000000177e+02
-1.367269999999999982e+03 -4.536499999999999773e+02 3.749060000000000059e+02
-1.172920000000000073e+03 -5.697400000000000091e+02 3.747740000000000009e+02
-1.100970000000000027e+03 -6.986599999999999682e+02 3.741220000000000141e+02
-8.892899999999999636e+02 -7.797300000000000182e+02 3.744060000000000059e+02
-8.293300000000000409e+02 2.563460000000000036e+03 3.695149999999999864e+02
-3.306100000000000136e+02 2.829619999999999891e+03 3.733670000000000186e+02
-4.553600000000000136e+02 2.039450000000000045e+03 3.709460000000000264e+02
-1.750900000000000034e+02 2.644300000000000182e+03 3.739590000000000032e+02
-5.254999999999999716e+01 2.142929999999999836e+03 3.731879999999999882e+02
7.765499999999999545e+02 2.535699999999999818e+03 3.777010000000000218e+02
5.208200000000000500e+02 2.352170000000000073e+03 3.763450000000000273e+02
3.279100000000000250e+02 1.962279999999999973e+03 3.743809999999999718e+02
3.639499999999999886e+02 1.536779999999999973e+03 3.746340000000000146e+02
8.755700000000000500e+02 2.181300000000000182e+03 3.770489999999999782e+02
8.797799999999999727e+02 1.687730000000000018e+03 3.765319999999999823e+02
1.360970000000000027e+03 2.458849999999999909e+03 3.806100000000000136e+02
1.683509999999999991e+03 2.153349999999999909e+03 3.809889999999999759e+02
1.371369999999999891e+03 1.863799999999999955e+03 3.789739999999999895e+02
1.631269999999999982e+03 1.497799999999999955e+03 3.767429999999999950e+02
1.224700000000000045e+03 1.387349999999999909e+03 3.764590000000000032e+02
1.907589999999999918e+03 1.247359999999999900e+03 3.753249999999999886e+02
2.054929999999999836e+03 1.775430000000000064e+03 3.785810000000000173e+02
2.400039999999999964e+03 2.214239999999999782e+03 3.808399999999999750e+02
2.441550000000000182e+03 1.785700000000000045e+03 3.773530000000000086e+02
2.346289999999999964e+03 1.367779999999999973e+03 3.756610000000000014e+02
2.770820000000000164e+03 1.905799999999999955e+03 3.784279999999999973e+02
3.105639999999999873e+03 1.640329999999999927e+03 3.767950000000000159e+02
2.872280000000000200e+03 1.455109999999999900e+03 3.764519999999999982e+02
1.654369999999999891e+03 8.450499999999999545e+02 3.722230000000000132e+02
1.994470000000000027e+03 6.297400000000000091e+02 3.737029999999999745e+02
2.327420000000000073e+03 1.026380000000000109e+03 3.745190000000000055e+02
2.238170000000000073e+03 4.088100000000000023e+02 3.715020000000000095e+02
2.698579999999999927e+03 9.315900000000000318e+02 3.732289999999999850e+02
2.670329999999999927e+03 5.729199999999999591e+02 3.717869999999999777e+02
2.405670000000000073e+03 2.360999999999999943e+01 3.693489999999999895e+02
3.029460000000000036e+03 1.095289999999999964e+03 3.736899999999999977e+02
8.030099999999999909e+02 -8.128500000000000227e+02 3.710369999999999777e+02
1.471779999999999973e+03 1.795300000000000011e+02 3.692429999999999950e+02
1.177920000000000073e+03 -6.917400000000000091e+02 3.683100000000000023e+02
1.677269999999999982e+03 -4.783299999999999841e+02 3.666460000000000150e+02
1.559380000000000109e+03 -9.322699999999999818e+02 3.674069999999999823e+02
1.881269999999999982e+03 -1.066599999999999966e+02 3.682599999999999909e+02
2.285480000000000018e+03 -2.517500000000000000e+02 3.679490000000000123e+02
1.991309999999999945e+03 -9.406100000000000136e+02 3.651449999999999818e+02
1.657599999999999909e+02 -9.915700000000000500e+02 3.703000000000000114e+02
5.113100000000000023e+02 -1.486980000000000018e+03 3.687520000000000095e+02
3.384900000000000091e+02 -2.065829999999999927e+03 3.659859999999999900e+02
8.058099999999999454e+02 -1.408619999999999891e+03 3.678809999999999718e+02
1.105720000000000027e+03 -1.139390000000000100e+03 3.705439999999999827e+02
9.319900000000000091e+02 -1.975869999999999891e+03 3.653849999999999909e+02
1.336339999999999918e+03 -1.867289999999999964e+03 3.661730000000000018e+02
1.664289999999999964e+03 -1.355779999999999973e+03 3.658779999999999859e+02
