-1.780021608276666427e+02 -7.516248761854123472e+01
-4.572540394542663194e+02 -2.635166220460165505e+02
-8.605425879745579323e+02 -5.355621788967455359e+02
-1.373966348809395186e+03 -8.819021988372028318e+02
-1.988954249098377659e+03 -1.296741997617872130e+03
-2.698973796011907325e+03 -1.775610193250747670e+03
-3.499291269000816101e+03 -2.315437218909743478e+03
-4.385928142428232604e+03 -2.913484411982078200e+03
-5.355772821362107607e+03 -3.567625007925046248e+03
7.767003356526099367e+01 -5.515660308271736767e+01
3.827261002989148437e+02 -1.973791797222217497e+02
8.233239885389521078e+02 -4.029450130951233859e+02
1.385025729395599228e+03 -6.647410240043610656e+02
2.057269597412418534e+03 -9.781939169968056831e+02
2.833484285390162313e+03 -1.340129385198348473e+03
3.708351406335581487e+03 -1.748063933570661902e+03
4.677646957965199363e+03 -2.200034129569306970e+03
5.737917272576994037e+03 -2.694433799946575618e+03
-6.770419830803837158e+01 1.414953871020800307e+02
-9.400321264585055303e+01 4.418343809251641687e+02
-1.322511436700632430e+02 8.788942596955076851e+02
-1.809371483647862533e+02 1.435278389060598329e+03
-2.392458505794034807e+02 2.101554866856130957e+03
-3.153190604855281549e+02 2.970477645790588213e+03
-3.825100024670286984e+02 3.737908177769139911e+03
-4.665991207655702055e+02 4.698629469570572837e+03
-5.588810311763252230e+02 5.749395612088611415e+03
