6.278013100000000559e+05 7.453100269999999553e+06
6.278142600000000093e+05 7.453128290000000037e+06
6.277625899999999674e+05 7.453069820000000298e+06
6.277367199999999721e+05 7.453060580000000075e+06
6.278080000000000000e+05 7.453045889999999665e+06
6.278256199999999953e+05 7.453028830000000075e+06
6.276186300000000047e+05 7.453069150000000373e+06
6.279261300000000047e+05 7.452943349999999627e+06
6.277627299999999814e+05 7.453273349999999627e+06
6.276861300000000047e+05 7.452891349999999627e+06
6.279835300000000279e+05 7.453133750000000000e+06
6.275994300000000512e+05 7.453166950000000186e+06
6.278804300000000512e+05 7.452852150000000373e+06
6.278550000000000000e+05 7.453311000000000000e+06
6.275900000000000000e+05 7.452932000000000000e+06
6.280340000000000000e+05 7.453030000000000000e+06
6.276240000000000000e+05 7.453286000000000000e+06
6.277870000000000000e+05 7.452777000000000000e+06
6.279750000000000000e+05 7.453299000000000000e+06
6.275030000000000000e+05 7.453031000000000000e+06
6.280330000000000000e+05 7.452907000000000000e+06
6.277550000000000000e+05 7.453365000000000000e+06
6.277050000000000000e+05 7.452718000000000000e+06
6.281030000000000000e+05 7.453218000000000000e+06
6.274540000000000000e+05 7.453191000000000000e+06
6.279800000000000000e+05 7.452724000000000000e+06
6.278560000000000000e+05 7.453486000000000000e+06
6.274990000000000000e+05 7.452791000000000000e+06
6.282500000000000000e+05 7.453047000000000000e+06
6.274220000000000000e+05 7.453453000000000000e+06
6.278370000000000000e+05 7.452578000000000000e+06
6.280590000000000000e+05 7.453493000000000000e+06
6.273200000000000000e+05 7.452981000000000000e+06
6.282420000000000000e+05 7.452816000000000000e+06
6.275930000000000000e+05 7.453611000000000000e+06
6.276150000000000000e+05 7.452488000000000000e+06
6.282870000000000000e+05 7.453384000000000000e+06
6.272370000000000000e+05 7.453285000000000000e+06
6.282610000000000000e+05 7.452578000000000000e+06
6.278780000000000000e+05 7.453858000000000000e+06
6.273690000000000000e+05 7.452511000000000000e+06
6.284880000000000000e+05 7.453134000000000000e+06
6.272650000000000000e+05 7.453482000000000000e+06
6.280030000000000000e+05 7.452241000000000000e+06
6.281660000000000000e+05 7.453836000000000000e+06
6.270210000000000000e+05 7.452792000000000000e+06
6.285930000000000000e+05 7.452742000000000000e+06
6.273640000000000000e+05 7.453932000000000000e+06
6.276400000000000000e+05 7.452147000000000000e+06
6.285670000000000000e+05 7.453703000000000000e+06
