-1.497849999999999966e+02 2.658140000000000214e+02 3.770179999999999723e+02
-9.536499999999999488e+01 2.701879999999999882e+02 3.772909999999999968e+02
-8.851200000000000045e+01 2.660210000000000150e+02 3.773149999999999977e+02
-7.869799999999999329e+01 2.584309999999999832e+02 3.772970000000000255e+02
-8.693999999999999773e+01 2.484519999999999982e+02 3.773439999999999941e+02
-1.023250000000000028e+02 2.440879999999999939e+02 3.772640000000000100e+02
-9.334600000000000364e+01 2.422789999999999964e+02 3.772749999999999773e+02
-1.483300000000000125e+02 2.202709999999999866e+02 3.772200000000000273e+02
-1.329389999999999930e+02 2.826109999999999900e+02 3.770099999999999909e+02
-1.398669999999999902e+02 2.754979999999999905e+02 3.770260000000000105e+02
-1.236670000000000016e+02 2.848539999999999850e+02 3.770579999999999927e+02
-9.288899999999999579e+01 2.813580000000000041e+02 3.772610000000000241e+02
-7.783499999999999375e+01 2.828389999999999986e+02 3.772599999999999909e+02
-8.347599999999999909e+01 2.775629999999999882e+02 3.773070000000000164e+02
-7.698799999999999955e+01 2.726370000000000005e+02 3.773039999999999736e+02
-1.760060000000000002e+02 2.899030000000000200e+02 3.766320000000000050e+02
-2.362000000000000099e+01 2.015459999999999923e+02 3.768079999999999927e+02
-2.380199999999999960e+01 2.223530000000000086e+02 3.768759999999999764e+02
-4.048899999999999721e+01 2.351699999999999875e+02 3.769649999999999750e+02
-5.452700000000000102e+01 2.375180000000000007e+02 3.771279999999999859e+02
-6.485099999999999909e+01 2.508129999999999882e+02 3.772440000000000282e+02
-7.007500000000000284e+01 2.594019999999999868e+02 3.772719999999999914e+02
-6.005700000000000216e+01 2.636759999999999877e+02 3.771859999999999786e+02
-5.067600000000000193e+01 2.645459999999999923e+02 3.771059999999999945e+02
-6.798999999999999488e+01 2.711030000000000086e+02 3.772420000000000186e+02
-6.005799999999999983e+01 2.719049999999999727e+02 3.772099999999999795e+02
-7.088500000000000512e+01 2.788179999999999836e+02 3.772590000000000146e+02
-4.553999999999999915e+01 2.732450000000000045e+02 3.770720000000000027e+02
-5.315599999999999881e+01 2.762679999999999723e+02 3.770960000000000036e+02
-2.265899999999999892e+01 2.636940000000000168e+02 3.769540000000000077e+02
-5.509700000000000131e+01 2.842850000000000250e+02 3.771879999999999882e+02
-1.490000000000000036e+01 2.738700000000000045e+02 3.769159999999999968e+02
-1.052810000000000059e+02 2.171800000000000068e+02 3.772599999999999909e+02
-9.853000000000000114e+01 2.301620000000000061e+02 3.772649999999999864e+02
-8.184499999999999886e+01 2.293369999999999891e+02 3.772749999999999773e+02
-7.954099999999999682e+01 2.381279999999999859e+02 3.772749999999999773e+02
-7.512000000000000455e+01 2.470020000000000095e+02 3.772599999999999909e+02
-7.101699999999999591e+01 2.359290000000000020e+02 3.772440000000000282e+02
-6.256700000000000017e+01 2.289869999999999948e+02 3.772139999999999986e+02
-5.069100000000000250e+01 2.218849999999999909e+02 3.770819999999999936e+02
-1.604650000000000034e+02 5.732069999999999936e+02 3.748009999999999877e+02
-1.280459999999999923e+02 3.504940000000000282e+02 3.765810000000000173e+02
-6.977100000000000080e+01 2.940310000000000059e+02 3.771990000000000123e+02
-7.873099999999999454e+01 2.972590000000000146e+02 3.772029999999999745e+02
-1.039410000000000025e+02 3.009139999999999873e+02 3.770579999999999927e+02
-1.001719999999999970e+02 2.888960000000000150e+02 3.771639999999999873e+02
-3.954519999999999982e+02 3.711519999999999868e+02 3.745380000000000109e+02
-2.635470000000000255e+02 3.892740000000000009e+02 3.753389999999999986e+02
3.261410000000000196e+02 2.036080000000000041e+02 3.739569999999999936e+02
1.734250000000000114e+02 1.935949999999999989e+02 3.750369999999999777e+02
-2.515000000000000124e+00 2.928410000000000082e+02 3.768990000000000009e+02
-4.655400000000000205e+01 2.874689999999999941e+02 3.771220000000000141e+02
-5.614099999999999824e+01 2.959220000000000255e+02 3.771630000000000109e+02
-3.370499999999999829e+01 3.510480000000000018e+02 3.769859999999999900e+02
5.012700000000000244e+01 5.361589999999999918e+02 3.762040000000000077e+02
8.487999999999999545e+01 5.191409999999999627e+02 3.763360000000000127e+02
8.637300000000000466e+01 2.841209999999999809e+02 3.762400000000000091e+02
1.003469999999999942e+02 2.840969999999999800e+02 3.761720000000000255e+02
1.143460000000000036e+02 2.840919999999999845e+02 3.759220000000000255e+02
1.283400000000000034e+02 2.841039999999999850e+02 3.757640000000000100e+02
7.936899999999999977e+01 2.719859999999999900e+02 3.762320000000000277e+02
9.333899999999999864e+01 2.719759999999999991e+02 3.760609999999999786e+02
1.073649999999999949e+02 2.719569999999999936e+02 3.759409999999999741e+02
1.213550000000000040e+02 2.719909999999999854e+02 3.758159999999999741e+02
1.353669999999999902e+02 2.719619999999999891e+02 3.756510000000000105e+02
7.237999999999999545e+01 2.598480000000000132e+02 3.762259999999999991e+02
8.634900000000000375e+01 2.598439999999999941e+02 3.760910000000000082e+02
1.003730000000000047e+02 2.598469999999999800e+02 3.759479999999999791e+02
1.143569999999999993e+02 2.598389999999999986e+02 3.758140000000000214e+02
1.283460000000000036e+02 2.598480000000000132e+02 3.756850000000000023e+02
1.423600000000000136e+02 2.598489999999999895e+02 3.754979999999999905e+02
6.536199999999999477e+01 2.477230000000000132e+02 3.762210000000000036e+02
7.936599999999999966e+01 2.477419999999999902e+02 3.760880000000000223e+02
9.335500000000000398e+01 2.477429999999999950e+02 3.759429999999999836e+02
1.213689999999999998e+02 2.477439999999999998e+02 3.757099999999999795e+02
1.353530000000000086e+02 2.477210000000000036e+02 3.755760000000000218e+02
1.493580000000000041e+02 2.477309999999999945e+02 3.753919999999999959e+02
7.236299999999999955e+01 2.356100000000000136e+02 3.760849999999999795e+02
8.634399999999999409e+01 2.356059999999999945e+02 3.759689999999999941e+02
1.003670000000000044e+02 2.356160000000000139e+02 3.758530000000000086e+02
1.143349999999999937e+02 2.355980000000000132e+02 3.757400000000000091e+02
1.283489999999999895e+02 2.356100000000000136e+02 3.755590000000000259e+02
1.423400000000000034e+02 2.355860000000000127e+02 3.754420000000000073e+02
7.937399999999999523e+01 2.234739999999999895e+02 3.759950000000000045e+02
9.334300000000000352e+01 2.234879999999999995e+02 3.758670000000000186e+02
1.073569999999999993e+02 2.234619999999999891e+02 3.757470000000000141e+02
1.213719999999999999e+02 2.234879999999999995e+02 3.755600000000000023e+02
1.353520000000000039e+02 2.234859999999999900e+02 3.754660000000000082e+02
8.636199999999999477e+01 2.113410000000000082e+02 3.758770000000000095e+02
1.003640000000000043e+02 2.113379999999999939e+02 3.757420000000000186e+02
1.143589999999999947e+02 2.113530000000000086e+02 3.755930000000000177e+02
1.283449999999999989e+02 2.113580000000000041e+02 3.754750000000000227e+02
-9.984999999999999432e+00 1.584519999999999982e+02 3.765419999999999732e+02
4.006000000000000227e+00 1.584559999999999889e+02 3.764110000000000014e+02
1.802199999999999847e+01 1.584389999999999930e+02 3.762699999999999818e+02
3.201299999999999812e+01 1.584420000000000073e+02 3.761580000000000155e+02
-1.701300000000000168e+01 1.463089999999999975e+02 3.765960000000000036e+02
-2.984999999999999876e+00 1.463160000000000025e+02 3.764279999999999973e+02
1.102200000000000024e+01 1.463110000000000070e+02 3.763229999999999791e+02
2.500199999999999889e+01 1.463199999999999932e+02 3.761600000000000250e+02
3.901400000000000290e+01 1.463040000000000020e+02 3.760419999999999732e+02
-2.396600000000000108e+01 1.342009999999999934e+02 3.765779999999999745e+02
-9.983000000000000540e+00 1.341850000000000023e+02 3.764159999999999968e+02
4.004999999999999893e+00 1.342059999999999889e+02 3.763140000000000214e+02
1.798999999999999844e+01 1.341819999999999879e+02 3.761639999999999873e+02
3.200900000000000034e+01 1.341839999999999975e+02 3.760559999999999832e+02
4.601599999999999824e+01 1.342210000000000036e+02 3.759350000000000023e+02
-3.099099999999999966e+01 1.220750000000000028e+02 3.766019999999999754e+02
-1.698900000000000077e+01 1.220699999999999932e+02 3.764569999999999936e+02
-2.971999999999999975e+00 1.220580000000000069e+02 3.763319999999999936e+02
2.501500000000000057e+01 1.220550000000000068e+02 3.760889999999999986e+02
3.901400000000000290e+01 1.220900000000000034e+02 3.759610000000000127e+02
5.301899999999999835e+01 1.220520000000000067e+02 3.758220000000000027e+02
-2.399399999999999977e+01 1.099369999999999976e+02 3.765099999999999909e+02
-9.980000000000000426e+00 1.099440000000000026e+02 3.763450000000000273e+02
3.995999999999999996e+00 1.099509999999999934e+02 3.762289999999999850e+02
1.802499999999999858e+01 1.099590000000000032e+02 3.760880000000000223e+02
3.202400000000000091e+01 1.099440000000000026e+02 3.759780000000000086e+02
4.602199999999999847e+01 1.099489999999999981e+02 3.758340000000000032e+02
-1.698699999999999832e+01 9.781000000000000227e+01 3.763690000000000282e+02
-2.998000000000000220e+00 9.781900000000000261e+01 3.762280000000000086e+02
1.101900000000000013e+01 9.783299999999999841e+01 3.761490000000000009e+02
2.500400000000000134e+01 9.783599999999999852e+01 3.759970000000000141e+02
3.902100000000000080e+01 9.781999999999999318e+01 3.759169999999999732e+02
-9.987000000000000099e+00 8.570199999999999818e+01 3.762509999999999764e+02
4.017999999999999794e+00 8.569799999999999329e+01 3.761689999999999827e+02
1.801800000000000068e+01 8.571599999999999397e+01 3.760489999999999782e+02
3.201299999999999812e+01 8.571299999999999386e+01 3.759200000000000159e+02
