-3.389412595999999667e+01 -7.127516484000000219e+02
-1.745390886999999935e+01 -7.096086972000000515e+02
-5.421013145999999949e+00 -7.237911044999999604e+02
-5.940429340000000025e+01 -6.675717395000000352e+02
-7.690232093000000191e+01 -7.181727584000000206e+02
-9.835100333999999833e+00 -6.638265956999999844e+02
2.094634823999999895e+01 -7.214646460000000161e+02
1.073987943000000023e+01 -6.595673637999999528e+02
-2.089371519000000177e+01 -6.535599819999999909e+02
-6.350521219000000173e+01 -7.868199567999999999e+02
-2.026378435000000167e+01 -8.170536896999999499e+02
-5.289167607999999632e+00 -8.628538257999999814e+02
-5.736048876000000263e+01 -8.619454140000000280e+02
2.757334668000000022e+01 -8.273978100000000495e+02
-1.515894297000000002e+00 -6.168272740999999542e+02
-5.471181707000000216e+01 -6.166892211000000543e+02
8.432301105999999891e+01 -6.981017768000000387e+02
-1.405072279999999978e+02 -6.511640801999999439e+02
-1.595516084999999862e+02 -7.894690248000000565e+02
1.080977936000000028e+02 -7.628666359000000057e+02
-1.188674637000000018e+02 -5.826093161999999666e+02
8.909395347999999615e+01 -5.999596999999999980e+02
-2.051490474999999947e+02 -7.246895117000000255e+02
1.037166565999999932e+02 -8.479917404000000261e+02
-6.264949424999999650e+01 -5.190658412000000226e+02
-1.360704531000000088e+02 -9.020861115999999811e+02
1.595504516999999964e+02 -6.569200776000000133e+02
-2.252001554999999939e+02 -6.269587794000000258e+02
5.874951451999999819e+01 -9.396691061999999874e+02
2.938833234999999888e+01 -4.805939023999999904e+02
-2.326386132000000089e+02 -8.622150074999999561e+02
-3.413008889000000323e+01 -1.015687840000000051e+03
1.496052589999999896e+02 -4.915834662999999978e+02
-3.205652289999999880e+02 -7.638611243999999942e+02
2.109983373999999969e+02 -8.834663620999999694e+02
-7.116718633000000693e+01 -4.273935078999999746e+02
-1.157063626000000056e+02 -1.075443395999999893e+03
2.784170756999999981e+02 -5.715711320999999998e+02
-3.709743358000000057e+02 -6.041237343000000237e+02
1.595060550999999975e+02 -1.067094352999999956e+03
