-33.89412596 -712.7516484 -2.330089496
-17.45390887 -709.6086972 -2.32867142
-22.5589292 -691.9838607 -2.323742384
-5.421013146 -723.7911045 -2.334250518
25.24593899 -744.4318445 -2.336684256
20.94634824 -721.464646 -2.333017829
15.93453511 -700.6757482 -2.32967552
9.482335836 -687.0764746 -2.729176727
-20.89371519 -653.559982 -2.43766594
37.82617818 -735.8760818 -2.484749162
10.73987943 -659.5673638 -2.726261907
-20.62042134 -633.9073418 -2.527672839
-6.712372688 -684.9519378 -2.3269437
-50.30411069 -711.209498 -2.332024766
-43.64407228 -652.7424613 -2.322696805
-59.4042934 -667.5717395 -2.130365568
-74.47461587 -684.6574595 -2.129342649
-84.5230042 -704.8937799 -1.937681767
-86.87286754 -732.2620426 -1.928810218
-93.14292454 -745.9594809 -1.941492838
-105.4387377 -755.003357 -1.640752815
-76.90232093 -718.1727584 -1.929073338
-26.04186157 -726.1888088 -2.332575051
-15.39951252 -746.3592279 -2.331879161
-64.18907113 -771.1494896 -1.940145207
-42.33954858 -777.8607093 -2.339781511
-23.09339256 -778.6079363 -2.340774491
2.382622676 -763.2855572 -2.838872989
17.1053716 -766.5338029 -2.842286715
-80.06703001 -780.3740238 -1.336451415
-63.50521219 -786.8199568 -1.341060659
-19.65399721 -794.5952314 -2.338743316
-1.523355241 -788.9452581 -2.8370088
30.35174917 -773.9188068 -3.336231664
-15.04639784 -764.3348031 -2.335016467
-45.35024699 -846.3972056 -1.848567249
-54.71181707 -616.6892211 -2.521178466
-140.507228 -651.1640802 -0.634931252
-159.5516085 -789.4690248 -0.085066708
-5.289167608 -862.8538258 -1.546623172
-79.54380248 -828.9397966 -1.295598765
89.09395348 -599.9597 -5.661962966
103.7166566 -847.9917404 -4.492461166
