3.017248673131689429e-10 -1.701394580777559895e-10 -1.199999999999247962e+02
1.240202448491045715e+02 -1.595592728982737754e+02 -1.200032100970760069e+02
-6.001323125057952268e+01 9.085648261307488838e+01 -1.200009323008445534e+02
7.671302940076425614e+01 -6.032128208380467527e+01 -1.200007475988163890e+02
-1.337731763193983170e+02 -5.585870256588381721e+01 -1.200016476488682571e+02
3.271530389768051350e+01 1.069001571854460764e+01 -1.200000928461019782e+02
-2.141286525074578861e+01 1.853175700323658361e+02 -1.200027407360317397e+02
-1.882803899009943294e+01 6.991083602807439945e+01 -1.200004127118341586e+02
-7.753821992005583752e+00 -4.315690308362196959e+01 -1.200001514004225953e+02
1.119442941388587371e+02 6.670045564645728575e+01 -1.200013321097301286e+02
-1.507732374098083596e+02 5.419064568723855757e+01 -1.200020121423529531e+02
-9.926958096111044938e+01 5.574679853167429400e+01 -1.200010167532320793e+02
1.627630312196550335e+02 1.394682980685778375e+02 -1.200036073386933850e+02
-1.411586294284603582e+00 -1.052308214518017735e+02 -1.200008723048217973e+02
3.736735527194126405e+01 -7.769245035803071175e+01 -1.200005847897945159e+02
-4.478350103564602591e+01 1.564388096575677878e+01 -1.200001763901074696e+02
-2.085785969365040273e+02 4.368258887368909882e+00 -1.200034096577382741e+02
4.029048315314459927e+01 9.192246425372840690e+01 -1.200007926698207825e+02
1.575730317775520462e+02 7.313416856064954175e+01 -1.200023663634855779e+02
-4.761638852436224312e+01 -5.141164830753856307e+01 -1.200003857943420087e+02
5.229861237791077855e+01 -2.454358707040822907e+01 -1.200002617126905591e+02
1.672050091988075167e+02 1.696913807054506407e+01 -1.200022128531816463e+02
1.947797809157569304e+02 -5.636364013285355412e+01 -1.200032223387524937e+02
8.126558325761145340e+01 -1.108231985735901191e+02 -1.200014846714978773e+02
-5.003278792954872500e+01 1.471809804595397111e+02 -1.200019022200011847e+02
1.084458400388996324e+02 1.524868615542067687e+02 -1.200027526520654391e+02
-9.375328714100636773e+01 1.758371283959683922e+02 -1.200031237283619134e+02
1.086544263338629968e+01 1.323105063991656323e+02 -1.200013880233045711e+02
2.929520326882265380e+01 -1.839237920032190345e+02 -1.200027315145185867e+02
-5.256661101655124924e+01 -1.213734972011711903e+02 -1.200013767222666985e+02
7.090866469224528146e+01 1.271314848096906616e+02 -1.200016668423019723e+02
1.124698095874097845e+02 -8.495588730748823991e+01 -1.200015593993726952e+02
7.249958761979100075e+01 1.922258062558144900e+02 -1.200033220011406740e+02
-6.701023791941685204e+01 -1.707652335955860963e+02 -1.200026484677902658e+02
2.027245045912930834e+02 7.032694089620791544e+01 -1.200036090660475452e+02
-8.697181843325208206e+01 -7.482738652902001775e+01 -1.200010335540378890e+02
-1.486040623922592658e+02 -1.211504449694856760e+02 -1.200028859721885652e+02
8.091841716733733847e+01 7.712582102658153360e+00 -1.200005176344316737e+02
-1.243796595159584228e+02 -2.349589154145803604e+00 -1.200012123678919806e+02
7.464459304182784649e+01 -1.876912057694064515e+02 -1.200032110411020199e+02
-2.070884146470210396e+02 6.183953186238252187e+01 -1.200036608190972345e+02
-8.609765826763806729e+01 1.720706557762717637e+01 -1.200006040340275604e+02
2.135196128061690501e+02 2.925181243207345005e+01 -1.200036389319578944e+02
-2.107842828866743616e+02 -6.625175866295421656e+01 -1.200038263168373618e+02
5.898909502191955312e+01 4.309360404359715346e+01 -1.200004188604467572e+02
-6.947529939669935573e+01 -2.127930968668268861e+02 -1.200039444446200889e+02
-1.798013614957183393e+02 1.083662959215043031e+02 -1.200034574917909254e+02
1.649663878070272176e+02 -1.307925326876169265e+02 -1.200034792390906375e+02
-1.828711251655358296e+02 -2.826660145852274653e+01 -1.200026827424375426e+02
1.335076961551358998e+01 2.203106709196305815e+02 -1.200038367117393960e+02
2.009323077827270936e+02 -1.078894235746254111e+02 -1.200040796298603283e+02
3.685114395133585674e+01 1.650576183289411745e+02 -1.200022521184423852e+02
-2.284374458649104156e+01 -1.580185532514774422e+02 -1.200020075012656946e+02
-1.253947761387955069e+02 1.136089373383662888e+02 -1.200022483481871376e+02
1.206521241244399221e+02 2.649188674854354986e+01 -1.200011956560467183e+02
2.269588122731412909e+02 -1.722602028328965673e+01 -1.200040586550055366e+02
-1.707027728937212316e+02 -8.755481887231795213e+01 -1.200028865248880265e+02
4.470344506016707697e+01 -1.337731829730083462e+02 -1.200015659809037061e+02
-1.031946275019262060e+02 -1.398465168764821271e+02 -1.200023745548574254e+02
-3.389831678764352318e+00 3.040262195278571511e+01 -1.200000736997432398e+02
1.409207652510550872e+02 -4.127961426066030270e+01 -1.200016899217245339e+02
-1.441103026666537517e+02 -1.690606542224230111e+02 -1.200038780074501972e+02
-1.096357584781273005e+02 -1.923860909321053896e+02 -1.200038567280963946e+02
-8.682301455592590855e+01 -3.009600406973052955e+01 -1.200006618785348707e+02
-1.366584192627950927e+02 1.671577144469270308e+02 -1.200036637121390868e+02
-6.006352213309646970e+01 2.140824255741402737e+02 -1.200038922816811038e+02
-9.354159981834214932e+00 -2.190919345658458610e+02 -1.200037874248977801e+02
-1.649880938104924724e+02 8.783206566899174561e+00 -1.200021385570922376e+02
1.130687846091220052e+02 1.973777425031479993e+02 -1.200040698552459162e+02
1.274227234600613201e+02 1.135557326675420882e+02 -1.200022875607866126e+02
-2.531952817510506648e+01 1.149358198405509057e+02 -1.200010906580134247e+02
1.614081574320342156e+02 -8.775524600166608025e+01 -1.200026474704857833e+02
1.945338925661507119e+02 1.143637222246694876e+02 -1.200039947344035056e+02
4.406692457868856394e+01 -2.237068613560924462e+02 -1.200040936409530303e+02
-1.904346580796172077e+02 -1.225670408428602798e+02 -1.200040241869327815e+02
1.019231206571882780e+02 -2.771944039295594564e+01 -1.200008743314918433e+02
2.211007477864071120e+02 -1.840664116179159464e+02 -1.200064980760081994e+02
2.270544609749554184e+02 -2.261985207297199167e+02 -1.200080684901857069e+02
-2.145177638776613946e+02 2.684783662940922113e+02 -1.200092820666825020e+02
1.514755739681320108e+02 -2.345573078549319916e+02 -1.200061306220764550e+02
-3.203063364665790687e+02 1.106316037535066528e+02 -1.200090012843732410e+02
9.065799811125245355e+01 -3.319362313994452620e+02 -1.200093217448883109e+02
-1.507398285864145748e+02 -2.460717184799025574e+02 -1.200065490723669797e+02
3.220074638798350861e+02 1.588598028929283146e+02 -1.200101105308714295e+02
-1.872621428248899349e+02 -2.183254707462478166e+02 -1.200065012996334701e+02
2.284638023168846530e+02 1.997085368701708887e+02 -1.200072301951448139e+02
-9.675201229880246956e+01 -2.739176476306271297e+02 -1.200066427473549879e+02
-2.620681840949806087e+02 -9.412908762927747830e+01 -1.200060781591867709e+02
6.246678801758186239e+01 -2.821687675598699343e+02 -1.200065764802158839e+02
-1.674166742150698894e+02 2.361629370711646914e+02 -1.200065883885590665e+02
-3.311406927162767602e+02 6.317757607127417430e+01 -1.200089045975583986e+02
-1.880864248703876456e+02 -2.715143007247492051e+02 -1.200085775453160011e+02
-3.061184650989219449e+02 2.072046334533773404e+01 -1.200073748776068499e+02
-1.361928731633721554e+02 3.227895388373543142e+02 -1.200096593046880571e+02
3.188982520929347402e+02 -1.432572479565696426e+02 -1.200095831632197303e+02
-2.598547744729762030e+02 7.000789582052907178e+01 -1.200056758358993108e+02
-2.924535585113147818e+02 1.829596842675655353e+02 -1.200093367175889512e+02
1.077210093120372250e+02 2.531127760363823143e+02 -1.200059548681527417e+02
3.015266358917598950e+02 5.598513290146347288e+01 -1.200073693419133463e+02
1.350430554131698955e+02 -2.933967814595604864e+02 -1.200082084195241521e+02
1.318232819823510340e+02 -1.994709061010227060e+02 -1.200044950779315656e+02
-7.284824244915132851e+01 3.170594499593939872e+02 -1.200083331992946256e+02
-1.169064751774603366e+02 2.480856650236916892e+02 -1.200059180648949706e+02
2.779530103911212109e+02 -1.170064653034855411e+02 -1.200071305930126897e+02
1.918920432953855482e+02 2.745938228705741722e+02 -1.200088232840851674e+02
-4.881050403200072907e+01 2.642331028236034172e+02 -1.200056855827541824e+02
-2.643810680808896905e+02 2.223200504772475199e+02 -1.200093685107715942e+02
2.767551409882046300e+02 1.092021961030891646e+02 -1.200069394980041579e+02
-2.478241006361091081e+02 -4.209453825717261566e+01 -1.200049509083147541e+02
1.567506827526597988e+02 2.941617168920233780e+02 -1.200087400332216134e+02
6.169426096918046909e+01 2.989602109273554333e+02 -1.200073375060289038e+02
-2.074028787884090548e+02 -1.599138221805989417e+02 -1.200053839205435793e+02
1.201819679025551579e+01 -2.818484043623153070e+02 -1.200062678755536041e+02
-1.229153377841617214e+02 -3.124156168468923056e+02 -1.200088707973944651e+02
-2.502736635894981703e+02 1.660213733289176616e+02 -1.200070777991525688e+02
-3.157174599938334723e+02 -1.337493523248275835e+02 -1.200092175958776579e+02
-1.845537235773196016e+02 1.496672071591369786e+02 -1.200044324845748633e+02
1.795287119065676507e+02 -1.900556428281287253e+02 -1.200053698154455617e+02
-2.340135287670068820e+01 3.429072309595540560e+02 -1.200093039020270282e+02
2.560394366774480659e+02 1.667625146717325322e+02 -1.200073259198720024e+02
2.432605520773405487e+02 -7.956284042505302523e+01 -1.200051343546853815e+02
-2.644784328779851421e+02 1.247079166193143038e+02 -1.200067046239755939e+02
1.467301675776585590e+01 3.007364888206566320e+02 -1.200071400956522751e+02
2.024476627298011522e+02 1.640344656689981946e+02 -1.200053299570206349e+02
3.211382467163302863e+02 -1.226640663499412653e+01 -1.200080909695490305e+02
-2.291816969293612658e+02 -2.297142685979700900e+02 -1.200082707625181229e+02
2.814904334562608028e+02 -1.833684609720494905e+02 -1.200088555825396952e+02
-2.761612827555657645e+02 -2.264399374123353539e+02 -1.200100129643348765e+02
-2.448290181240000152e+02 -1.917054564323352110e+02 -1.200075902566825903e+02
-3.097939250135735847e+02 -8.739680530646677425e+01 -1.200081199874766611e+02
-4.585591992348904000e+01 -3.124904461841528018e+02 -1.200078556453052698e+02
2.572602444546371316e+02 7.203781887311609466e+01 -1.200055934400470221e+02
1.932558265284582149e+02 -2.531945735583209967e+02 -1.200079748954994869e+02
2.697392997748079324e+02 2.236861101968794117e+02 -1.200096406999671501e+02
1.053555503849808588e+02 3.137861670866414556e+02 -1.200086243793456049e+02
-3.186721027998603972e+02 -4.474869875122239904e+01 -1.200081132222280615e+02
3.489409142932434520e+02 -7.776591500674466317e+01 -1.200100148818128787e+02
-2.061565012443995215e+02 2.167035383585706825e+02 -1.200070280557608555e+02
2.977363057534074642e+01 3.563296166832330982e+02 -1.200100696414078385e+02
-1.506366976085648446e+02 2.747749878459248407e+02 -1.200077240979303781e+02
-2.465694775298548223e+02 -1.486926224674527361e+02 -1.200065040963906711e+02
2.694214518802785960e+02 -2.296297468066100009e+02 -1.200098394779655138e+02
-2.366862563614493808e+01 -2.633989783921266508e+02 -1.200055081628820801e+02
1.938118812470198407e+02 -2.936102846388031367e+02 -1.200097323089047734e+02
3.379295923479717771e+02 3.620295062842752998e+01 -1.200090492977781196e+02
2.506749673772746689e+02 -1.499591563699413541e+02 -1.200066938138326691e+02
1.976074928025985855e+02 2.328872307636495975e+02 -1.200073307056049288e+02
2.857693338590052008e+02 1.118321047646386290e+01 -1.200064073636924178e+02
-4.632523166542808823e+00 2.608260738499379272e+02 -1.200053597299457948e+02
2.314471067423483817e+02 2.546734040249316990e+02 -1.200093047103971600e+02
2.351129148896587822e+02 1.240713934672012613e+02 -1.200055428548168521e+02
-3.537750587975609164e+02 2.677447938297318331e+01 -1.200098611625012808e+02
-3.654817480661806712e+02 -9.875426716845656472e+01 -1.200112324239411805e+02
4.759841761926067534e+02 -7.195080973101295285e+01 -1.200181563676273129e+02
-4.379982474284009299e+02 -1.361662445953389806e+02 -1.200164891170208108e+02
7.349517836550566585e+01 4.485677064345397298e+02 -1.200162706497043814e+02
9.929566253613877791e+01 -4.197415157258760701e+02 -1.200146485272484256e+02
-1.921800701427314380e+02 -3.955702799843463708e+02 -1.200152173238715250e+02
-4.671046736168875668e+01 -4.051310145122208723e+02 -1.200130978600189451e+02
4.443991096871826016e+02 -1.635464516083241904e+02 -1.200175779042943986e+02
-3.918012973232870877e+02 -2.136344249301465084e+02 -1.200156203059923286e+02
-4.798620127938061586e+01 4.756142808818906929e+02 -1.200179965649472962e+02
-2.929820873469036542e+02 2.543552355657860744e+02 -1.200118200236336037e+02
3.649304270860181987e+02 -2.571317983259250468e+02 -1.200156401211190058e+02
2.387318549254153197e+02 -3.781066488694839904e+02 -1.200157246490240794e+02
4.731245675615220989e+02 1.700348231639760854e+01 -1.200175587870828906e+02
1.026623719513023616e+02 4.187765166969168149e+02 -1.200146380681777316e+02
1.684827145774180224e+02 -3.323713695459722999e+02 -1.200109244248439921e+02
-3.823580141034407234e+02 1.259525125517725428e+02 -1.200127024763872328e+02
3.781744998439617120e+02 -1.518381899979554248e+02 -1.200130195693769224e+02
-3.961375254892377598e+02 1.699743328192203080e+02 -1.200145688688509011e+02
1.982841200118506322e+02 -3.592487568996025402e+02 -1.200132447477778612e+02
1.558973029319762702e+02 -3.850292972870651056e+02 -1.200135799025116796e+02
1.238580482706466057e+01 -4.800322960859829209e+02 -1.200181607132438444e+02
3.064889678069804404e+02 -2.778056744046448330e+02 -1.200134372082366809e+02
-1.977891978761657015e+02 4.094703408689994149e+02 -1.200162700193106673e+02
-3.542479631772708899e+02 2.293149147202760787e+02 -1.200139725424780295e+02
-1.154788480142080118e+02 -4.142592284661004101e+02 -1.200145607058128405e+02
-3.691720823341054256e+02 -1.961935135773054384e+01 -1.200107070300845891e+02
2.853114957768816851e+00 4.262426856531188832e+02 -1.200143099434648803e+02
3.699724169465577575e+02 1.533273147881533589e+02 -1.200125746431514102e+02
3.759544926605340720e+02 7.350627558305649245e+01 -1.200114981763037889e+02
-3.485101442955614175e+02 1.621310449712450463e+02 -1.200115853616688781e+02
2.629930180328418032e+02 3.994760345207392902e+02 -1.200179869442951457e+02
-2.418228313271232537e+02 -4.057415412723814256e+02 -1.200175470741250479e+02
-2.916677315303290925e+02 -2.684116307376712030e+02 -1.200123385661729145e+02
-3.747614965315029281e+02 7.049474643697395493e+01 -1.200113938594702745e+02
3.917252889870599120e+02 -1.003217774576832539e+02 -1.200128137455605639e+02
4.304579656689139711e+02 2.459084785155610575e+00 -1.200145162919962445e+02
4.084940741684929435e+02 1.677756521747056127e+02 -1.200152892680723937e+02
4.604619959987527977e+02 7.359987217011885718e+01 -1.200170365567242072e+02
4.843026734377373543e+01 -3.813265718921055623e+02 -1.200116362011142712e+02
-3.376121237101908719e+02 -3.115286952412402002e+02 -1.200165729173369016e+02
-8.376444035595021376e+01 4.513121759263674448e+02 -1.200165916768694672e+02
-2.453232756782186641e+02 -3.345365691398893659e+02 -1.200135291146778371e+02
2.378711406774807813e+02 3.675626031395715358e+02 -1.200150732788091403e+02
2.970490956361356893e+02 3.022177316544251653e+02 -1.200141060930163235e+02
1.069602388391821535e+01 -3.666243224828097595e+02 -1.200105953321282328e+02
4.322847499785559080e+02 -6.554162835584459401e+01 -1.200149776100906536e+02
-3.848675683438592046e+02 2.715645539172109011e+02 -1.200174121878660571e+02
2.857078342342996393e+02 -7.074509585521386157e+01 -1.200067889413878817e+02
-1.183213239588938563e+02 -4.684951536079927337e+02 -1.200183835505647494e+02
-8.388824303396667403e+01 -3.660750246648579491e+02 -1.200111059633648125e+02
-4.670701026663139146e+02 3.750828006211442300e+00 -1.200170911874426025e+02
9.608456742498515268e+01 -4.608962435108193745e+02 -1.200174538220996112e+02
-4.055367719177085064e+02 1.725624462293893657e+01 -1.200129071464790940e+02
1.053000924869227219e+02 -3.757026684984726899e+02 -1.200119857764064619e+02
1.717741502076890754e+02 4.794391514738184696e+02 -1.200204153893016183e+02
1.246231569002021189e+02 4.957429200412491355e+02 -1.200205727777821352e+02
1.778274936552303700e+02 4.188975623110704305e+02 -1.200162976872358769e+02
1.379134796243535845e+02 3.958914018685368887e+02 -1.200138340502372216e+02
1.388385986493813675e+02 4.497826405544825548e+02 -1.200174435407646456e+02
2.120354658034917463e+02 4.448587478311745258e+02 -1.200191085747433846e+02
-4.954972724835781150e+02 -8.836780431246495482e+01 -1.200198487077757221e+02
-4.149472059156198043e+02 -9.060861493867169258e+01 -1.200141351719262133e+02
-4.819997013988191839e+02 -3.643052502598521869e+01 -1.200183046160354792e+02
-5.016782425938326924e+02 -1.433052939015404945e+02 -1.200213339716530214e+02
-5.330624285619164766e+02 -1.116363914102855688e+02 -1.200232421169052230e+02
-4.470369783037363618e+02 -6.240426420124344986e+01 -1.200159622094641634e+02
3.638529506607615076e+02 -3.920018429538615692e+02 -1.200224739215450995e+02
3.227394765794086879e+02 -3.713718274923887179e+02 -1.200190222012202810e+02
3.273732037473818082e+02 -3.160136424289760271e+02 -1.200162611943853079e+02
2.861478682749512927e+02 -3.927444235671519550e+02 -1.200185630250410895e+02
3.548282326494804693e+02 -3.465998415862948150e+02 -1.200193246905631383e+02
2.759597629001143559e+02 -3.502265975313301851e+02 -1.200156264078119506e+02
-1.910814325516043368e+02 5.755329918805120997e+02 -1.200289485992172729e+02
-2.294653346865846402e+02 6.086562171711037763e+02 -1.200333024592679294e+02
-1.941640361831631196e+02 6.278995638460955888e+02 -1.200340050466239745e+02
-2.630078180720321939e+02 6.327015265534776063e+02 -1.200369474180288307e+02
-1.650860914004207700e+02 6.610493242889389194e+02 -1.200365519716125959e+02
-2.311967140507174747e+02 6.955516159168978447e+02 -1.200422907663799492e+02
-7.801751672690891155e+02 4.637035613614776821e+02 -1.200646180908404403e+02
-8.301819243853658463e+02 5.023033354704357976e+02 -1.200738634300072931e+02
-7.014538478833146655e+02 5.179872282967066894e+02 -1.200596780118875699e+02
-7.683584717447665753e+02 5.193550454874419984e+02 -1.200674934388989641e+02
-8.181862314819934454e+02 5.542707523117469464e+02 -1.200766389008178692e+02
-7.366582050169839704e+02 5.596086109680418303e+02 -1.200671766220222025e+02
-1.294869456629178330e+03 -1.296213395985811303e+02 -1.201326738468422377e+02
-1.253824527512945451e+03 -1.261801550166293566e+02 -1.201244093633285104e+02
-1.348434779965869211e+03 -8.587061072154853036e+01 -1.201430233313752751e+02
-1.262567236396354474e+03 -7.814223866031025523e+01 -1.201253597930681281e+02
-1.304229380599103479e+03 -7.448340119304461382e+01 -1.201336932840585661e+02
-1.293646774051715056e+03 -3.237136875261863622e+01 -1.201311851481493704e+02
-1.408818146502557738e+03 -1.214925790377522162e+03 -1.202717383174132237e+02
-1.363036200213504799e+03 -1.204610735441748602e+03 -1.202598313319336398e+02
-1.358140917250935900e+03 -1.157431169718990532e+03 -1.202500107880878772e+02
-1.312617013308627293e+03 -1.148515741966847600e+03 -1.202388668524627633e+02
-1.423806313780029086e+03 -1.137157404829472398e+03 -1.202606577325201442e+02
-1.387262279427749718e+03 -1.090698938972745964e+03 -1.202444582582774615e+02
-4.883322736282533469e+02 -5.429710748161971878e+02 -1.200419012235973639e+02
-4.259265458846290926e+02 -5.392137738732535581e+02 -1.200371113295181544e+02
-3.852804813112377360e+02 -5.307517151674026081e+02 -1.200338151965559632e+02
-4.502518674118139757e+02 -5.070845898854281018e+02 -1.200361333561918116e+02
-4.094865336660579942e+02 -4.954402492200757706e+02 -1.200324683359683888e+02
-4.775900053059547758e+02 -4.555620976602496626e+02 -1.200342141472870878e+02
-2.764333431569770028e+01 -9.667683562219672240e+02 -1.200736719739593354e+02
-1.164181032482472062e+02 -9.662370185509435032e+02 -1.200745929664628306e+02
-7.653864924647359658e+01 -9.484332245927255371e+02 -1.200713053505035077e+02
-1.164979980383197926e+02 -9.257071575389408054e+02 -1.200685551061681053e+02
-2.839891000842084168e+01 -9.088427552153498254e+02 -1.200651183673257378e+02
-8.056472582479659650e+01 -8.948056149766800900e+02 -1.200635696178916874e+02
7.581399379564932133e+02 -1.117713023488965064e+03 -1.201434207523885789e+02
7.131815689148575075e+02 -1.117200718572966935e+03 -1.201381485703780072e+02
6.637215446599484494e+02 -1.094893794561447748e+03 -1.201289271321203387e+02
7.311451792526543159e+02 -1.080648522028035131e+03 -1.201338538492071280e+02
6.739722737496073250e+02 -1.045827258906229645e+03 -1.201217286005012852e+02
7.351444271985251362e+02 -1.022710955214512182e+03 -1.201247152961536813e+02
1.689631486592903912e+03 -6.807580856685134449e+02 -1.202601471448961377e+02
1.673752030864228573e+03 -6.420399323090807684e+02 -1.202519293625878447e+02
1.713266086428313429e+03 -6.327479342537760658e+02 -1.202614809569249417e+02
1.636133251893463239e+03 -6.007539241403651431e+02 -1.202381338721466477e+02
1.711413330332467240e+03 -5.878733363116833743e+02 -1.202566698337529090e+02
1.666805598716587838e+03 -5.527390648283096652e+02 -1.202417082512911861e+02
6.719806250043792488e+02 -1.810065334467370235e+02 -1.200379551881388949e+02
6.294955961979891299e+02 -1.514293954503471582e+02 -1.200328491456301947e+02
5.866316114252630314e+02 -1.435571502924198057e+02 -1.200285825718302561e+02
6.710483287066307412e+02 -1.409752657590109095e+02 -1.200368419391554795e+02
6.419244901975545190e+02 -9.236987832632831896e+01 -1.200329530557500561e+02
6.856941578700226501e+02 -8.303056642874548743e+01 -1.200373762929352353e+02
8.674019036739396142e+02 3.579962062548903532e+02 -1.200690353985944228e+02
7.982624740039913149e+02 3.740225519687953692e+02 -1.200609375754979737e+02
8.369047098256328354e+02 3.903022140100409842e+02 -1.200668675710504090e+02
7.714938608635918627e+02 4.204763073663361865e+02 -1.200605525650332197e+02
8.760159587491552884e+02 4.307817079030880336e+02 -1.200747336203096154e+02
8.420095388851027565e+02 4.656374922058835182e+02 -1.200726176125949678e+02
6.275001735662565352e+02 1.102074551352091021e+03 -1.201265058404407569e+02
5.885807246104101296e+02 1.151494605328177613e+03 -1.201315697047648996e+02
5.268528650599264438e+02 1.160905411939629630e+03 -1.201278897139763444e+02
6.439470635890905896e+02 1.167166863626179747e+03 -1.201397776556754025e+02
5.486071525364914123e+02 1.201143939200291925e+03 -1.201372082938283938e+02
5.998277474641409981e+02 1.212903092477219161e+03 -1.201440522608849619e+02
-2.935230529561390540e+02 1.715858721185206832e+03 -1.202386318940660885e+02
-3.532559329730775062e+02 1.724717908659218438e+03 -1.202440591132962027e+02
-2.594021230096258819e+02 1.747033194817051253e+03 -1.202456563494446300e+02
-3.138263265090945993e+02 1.769666288579418733e+03 -1.202543691403653838e+02
-2.910992597389662819e+02 1.806944557349250317e+03 -1.202637931619057099e+02
-3.551671946791468599e+02 1.808691349380344946e+03 -1.202675342300220791e+02
-5.680222407576686692e+02 -2.138172446917551952e+03 -1.203853483768319848e+02
-5.041348442051140069e+02 -2.102171575733507325e+03 -1.203679592007260908e+02
-5.717513842780025470e+02 -2.094863804156130755e+03 -1.203712425665623869e+02
-6.201559387916763626e+02 -2.079747285649362311e+03 -1.203707920753302005e+02
-5.316485502942700805e+02 -2.053087836669971239e+03 -1.203541282446644800e+02
-5.649565963392338972e+02 -2.014236895352003330e+03 -1.203445440882678668e+02
7.282538585029587921e+02 -2.780955635245475605e+03 -1.206506526012301492e+02
7.742906788994132512e+02 -2.764033500319626000e+03 -1.206486812530649786e+02
7.203860770663966377e+02 -2.717571387219228200e+03 -1.206223104036946552e+02
7.890035818435992496e+02 -2.704975185080754727e+03 -1.206250444849292762e+02
6.749376115534835208e+02 -2.695819718396299777e+03 -1.206080685210476986e+02
7.620421265157194739e+02 -2.667948219469746618e+03 -1.206060997700410553e+02
2.604584933475659000e+03 -2.659120501037356007e+03 -1.210883466030184081e+02
2.645307120311495055e+03 -2.643933704014996238e+03 -1.210987515100041492e+02
2.565341680171830376e+03 -2.635457527665833368e+03 -1.210625853243257097e+02
2.681915726486937274e+03 -2.624196669201615350e+03 -1.211058401931031767e+02
2.602891324654187429e+03 -2.582322778712139097e+03 -1.210559525074069143e+02
2.642471852161286733e+03 -2.562088747227085150e+03 -1.210640185934831834e+02
4.695090115160797723e+03 -1.293411909412187470e+03 -1.218586600828510313e+02
4.754787437805669470e+03 -1.270179354949613298e+03 -1.218981630167647268e+02
4.644975361501952648e+03 -1.261596814977647455e+03 -1.218155892090013026e+02
4.737083046495308736e+03 -1.221378174510115059e+03 -1.218754218277283599e+02
4.695456157142624761e+03 -1.217945517277874842e+03 -1.218440026245498302e+02
4.640034408888837788e+03 -1.209868682407951383e+03 -1.218019263022940777e+02
6.127428501770849834e+03 1.597548008856585966e+03 -1.231422909773078800e+02
6.169630017331756790e+03 1.632839588659559467e+03 -1.231919246878692320e+02
6.123985704966184130e+03 1.653213659083662151e+03 -1.231532388186624303e+02
6.205662769868024952e+03 1.678454022407717048e+03 -1.232387536640687813e+02
6.169123969477692299e+03 1.695949609236928609e+03 -1.232079814982130301e+02
6.116152208137655180e+03 1.696138262604724787e+03 -1.231570507273941075e+02
-1.523955840939418977e+03 1.454052614914933656e+03 -1.203484581650750442e+02
-1.532204307678779514e+03 1.508192092785499881e+03 -1.203630640658537345e+02
-1.460326211683275687e+03 1.531545180985325032e+03 -1.203518044129710916e+02
-1.576897137902834402e+03 1.535866782616218188e+03 -1.203805846813691005e+02
-1.505196003541964728e+03 1.543105271756800676e+03 -1.203650278212179501e+02
-1.552921350913037941e+03 1.571772456127916712e+03 -1.203834942829769261e+02
-2.736680130481889137e+03 6.836939018633613614e+02 -1.206235315970637885e+02
-2.677807601147483638e+03 6.849209042641084579e+02 -1.205986920385571466e+02
-2.706653746706354468e+03 7.139810919094339852e+02 -1.206140615648736230e+02
-2.657798792036525811e+03 7.472006495223985212e+02 -1.205973533708460650e+02
-2.754947134830964842e+03 7.508318098156404403e+02 -1.206389757177906858e+02
-2.701784740179084565e+03 7.710732860885751734e+02 -1.206186762667525727e+02
-3.556575480435899863e+03 -1.006678017299037037e+03 -1.210707471898097651e+02
-3.610221603945759853e+03 -9.728480025524240773e+02 -1.210955920582233034e+02
-3.515822874015606430e+03 -9.654519837905642135e+02 -1.210417649387392203e+02
-3.556216779054474500e+03 -9.391979462938525103e+02 -1.210602055709775300e+02
-3.528503528549188104e+03 -9.046457704420979553e+02 -1.210398067019182236e+02
-3.603354580663634806e+03 -8.977717792590372028e+02 -1.210806505419357109e+02
-3.459358448114289331e+03 -3.483037468568141321e+03 -1.218929754615153342e+02
-3.415740919520168518e+03 -3.480340871642820275e+03 -1.218680045874348252e+02
-3.376188438110907555e+03 -3.439096651206392380e+03 -1.218244827644111865e+02
-3.411811927861785989e+03 -3.419643994980791831e+03 -1.218329179965073763e+02
-3.455185763214481540e+03 -3.405744701643747703e+03 -1.218487794160403155e+02
-3.421187851841815700e+03 -3.367326189485626401e+03 -1.218099709451250874e+02
-1.645668597214749298e+03 -6.214194889852711640e+03 -1.232535583829176176e+02
-1.700577295578846133e+03 -6.193929912378625886e+03 -1.232481481568852359e+02
-1.646966852195873571e+03 -6.163861219769289164e+03 -1.232048234773110380e+02
-1.710817457369523709e+03 -6.148776324723219659e+03 -1.232069907407444589e+02
-1.596238996949568445e+03 -6.122705205820631818e+03 -1.231521090274100061e+02
-1.684959013690128131e+03 -6.111993366235690701e+03 -1.231645922666020851e+02
2.050069431421462468e+03 4.995813879302201030e+02 -1.203489004757682324e+02
2.098663897049525076e+03 5.101670565567872586e+02 -1.203655359768850133e+02
2.024685852536676066e+03 5.389175164515991128e+02 -1.203440150755360207e+02
2.070140122216276723e+03 5.562925560871840389e+02 -1.203600949207949782e+02
2.128688188859790898e+03 5.796119031948203428e+02 -1.203814395816339697e+02
2.064271490367157639e+03 5.970127702366089579e+02 -1.203618929369559964e+02
1.975121129162292164e+03 1.952484972865114287e+03 -1.206058583362192849e+02
2.039538186295428886e+03 1.955282414037517810e+03 -1.206269788758455661e+02
1.996065331082403873e+03 1.987757229420856675e+03 -1.206233202402004281e+02
1.952110492293524430e+03 1.990960697048909879e+03 -1.206107289550863015e+02
2.041612745672888423e+03 1.995784088290895852e+03 -1.206402456879523015e+02
2.004524716647931882e+03 2.040367280967918987e+03 -1.206426622389635668e+02
9.455776968772556756e+02 3.530503297985544123e+03 -1.210517440705143599e+02
9.006236568658683836e+02 3.544858541507800965e+03 -1.210532418861305359e+02
9.845975599071257420e+02 3.545080520440422788e+03 -1.210657677147819413e+02
1.015315689346026716e+03 3.573479515295487545e+03 -1.210865025068035266e+02
9.726885242133823795e+02 3.589564419046736930e+03 -1.210889382657164788e+02
9.319603692844364105e+02 3.603992574856911233e+03 -1.210910357335128538e+02
-1.287232899219665796e+03 4.631188566974387868e+03 -1.218190425527016032e+02
-1.202936266038340136e+03 4.659483032847741015e+03 -1.218233020965690230e+02
-1.308756352485125944e+03 4.666035196489065129e+03 -1.218489361877736883e+02
-1.259413498438673059e+03 4.683835815310971157e+03 -1.218521172509301778e+02
-1.297851532722232605e+03 4.707936479300200517e+03 -1.218776449090671576e+02
-1.225794856550602617e+03 4.722748786060175917e+03 -1.218744012238046253e+02
-4.482109281853896391e+03 4.448096076168040781e+03 -1.231320962049046557e+02
-4.451691565571905812e+03 4.481999485402982828e+03 -1.231346532376674077e+02
-4.541968846711290098e+03 4.488684035835745817e+03 -1.232029817736420227e+02
-4.494479116939071901e+03 4.501478498937211043e+03 -1.231784225965282076e+02
-4.467454914728865333e+03 4.542653654150316470e+03 -1.231887793804989997e+02
-4.529618767150474014e+03 4.546488457688417839e+03 -1.232353393070991388e+02
6.983828945320293315e+03 -4.113929345052827557e+03 -1.251538693427610269e+02
6.939648103478955818e+03 -4.092857145152905559e+03 -1.250920585965925511e+02
7.049143629062989930e+03 -4.087464200768164119e+03 -1.252085770971968941e+02
6.986806048631514386e+03 -4.049760397146150353e+03 -1.251158690666479743e+02
6.953228351361720343e+03 -4.010879389060137328e+03 -1.250545167973139087e+02
7.036032014874923334e+03 -4.005474974143287909e+03 -1.251418498854698100e+02
9.910606771911865508e+03 -3.785288600444122949e+03 -1.288229949795736502e+02
9.848612590761351385e+03 -3.775027502389064466e+03 -1.287209227816413204e+02
9.874814967931408319e+03 -3.729059896103778556e+03 -1.287342409837440300e+02
9.962074798387509873e+03 -3.722501461300730625e+03 -1.288659945013671404e+02
9.851270834036347878e+03 -3.692554621590444640e+03 -1.286765194649194655e+02
9.927304024701936214e+03 -3.682225482080903021e+03 -1.287883288553348393e+02
1.021372772371159044e+04 -9.104445274397387038e+03 -1.347008113349188534e+02
1.016500199162606077e+04 -9.069065619468257864e+03 -1.345723828637528641e+02
1.010067795081331860e+04 -9.061069440419714738e+03 -1.344588442883259631e+02
1.020484974192449954e+04 -9.039908125599566119e+03 -1.345943843486079459e+02
1.016143582300801063e+04 -9.019860022217822916e+03 -1.344966024259952064e+02
1.011531503847733984e+04 -9.018073385894076637e+03 -1.344208029833089313e+02
1.746678238055944166e+04 -6.703065820015488043e+02 -1.439358580431594135e+02
1.737373626491464165e+04 -6.667510795683224387e+02 -1.436815242593383459e+02
1.742399137615568179e+04 -6.545159126211583498e+02 -1.438172486261428560e+02
1.737627376564535371e+04 -6.214591393008643081e+02 -1.436838372599940499e+02
1.745075305578048574e+04 -6.168428875589067957e+02 -1.438865916148595829e+02
1.741644289131014011e+04 -5.924503078428019762e+02 -1.437905509884654975e+02
2.264894271749258405e+04 2.818459101169973110e+03 -1.608119194743280786e+02
2.258704946898359776e+04 2.864104575894103618e+03 -1.606130130363605986e+02
2.262811080570559716e+04 2.867711837580580323e+03 -1.607600870966616640e+02
2.269498775962860236e+04 2.884288321196076595e+03 -1.610050509411717030e+02
2.261354101547852406e+04 2.921478413829148849e+03 -1.607329647153621863e+02
2.268282705294445623e+04 2.922877622614834763e+03 -1.609794713430740103e+02
2.502247039294713250e+04 1.408533846691509643e+04 -1.846765504963259446e+02
2.499186710883030537e+04 1.411499891130577271e+04 -1.846225214186551966e+02
2.506753504658886231e+04 1.413704976032518607e+04 -1.849683344882869278e+02
2.499390656151956864e+04 1.416013316403212411e+04 -1.847310220499994102e+02
2.503795696381689777e+04 1.416679802686368384e+04 -1.849185486772958029e+02
2.494445024367716906e+04 1.416760565574626162e+04 -1.845542112282009839e+02
3.347752828088768729e+04 1.481616864473958412e+04 -2.250892107395056883e+02
3.342754069322579016e+04 1.483634004157150048e+04 -2.248743156342716247e+02
3.354696597957477206e+04 1.484620817523508595e+04 -2.255239938460999838e+02
3.345114281319233851e+04 1.487598120659881170e+04 -2.250907450603108373e+02
3.349526404979091603e+04 1.488805994855967401e+04 -2.253504621257443432e+02
3.345227856241596601e+04 1.491797313852104344e+04 -2.251952388104591591e+02
-7.055004368985509245e+03 -4.322579090573005487e+03 -1.253707858303694138e+02
-7.034775146860210043e+03 -4.280946369363882695e+03 -1.253202464525129471e+02
-6.990068731556399143e+03 -4.276993614198849173e+03 -1.252684634624815772e+02
-7.071983768807165688e+03 -4.258265078155536685e+03 -1.253461120336960448e+02
-7.028496802651020516e+03 -4.223685158404836329e+03 -1.252749748467210793e+02
-7.084409740023405902e+03 -4.215566988537284487e+03 -1.253313959892450384e+02
-9.696524883768015570e+03 -8.276692350138217080e+03 -1.327609689777573294e+02
-9.653620868962370878e+03 -8.273797428085552383e+03 -1.326921582880354435e+02
-9.631188818348819041e+03 -8.235387429934906322e+03 -1.326083262051815836e+02
-9.764051998499404363e+03 -8.233540574935052064e+03 -1.328078040858358690e+02
-9.707220513559906976e+03 -8.216993878742589004e+03 -1.326996769041875268e+02
-9.709338907763529278e+03 -8.175293009905875806e+03 -1.326490614127978915e+02
-1.416894497178731035e+04 -4.533201556224569686e+03 -1.373458261734715506e+02
-1.422828015472235347e+04 -4.515705191126246064e+03 -1.374653551509720728e+02
-1.427159542383508597e+04 -4.499261316447189529e+03 -1.375503882515092755e+02
-1.419752735932220094e+04 -4.486564116638483938e+03 -1.373762116347413667e+02
-1.422477097000657341e+04 -4.446469167704228312e+03 -1.374086627940866947e+02
-1.418088508273906154e+04 -4.431213377009527903e+03 -1.373003374897466529e+02
-1.090280058352615197e+04 -1.387080536471260530e+04 -1.444655092293205598e+02
-1.094248669443891231e+04 -1.386354783345049145e+04 -1.445175728415115373e+02
-1.090113107701591434e+04 -1.382654718371138915e+04 -1.443661117258288868e+02
-1.096324973005499669e+04 -1.380709315786605839e+04 -1.444301710597173951e+02
-1.086247406761187449e+04 -1.379196338235215444e+04 -1.442249765734850371e+02
-1.092775689365440485e+04 -1.378804531120708270e+04 -1.443279054840513709e+02
-9.130995960318407015e+03 -2.084469106620240200e+04 -1.607525415684485779e+02
-9.161726635176368291e+03 -2.081091397860939105e+04 -1.606857651695227105e+02
-9.109356784833405982e+03 -2.079573919209731321e+04 -1.605610796944929461e+02
-9.067703970608494274e+03 -2.078221554177083090e+04 -1.604574819394583756e+02
-9.168587380188218958e+03 -2.076616668466597548e+04 -1.605490886042662169e+02
-9.111996624744968358e+03 -2.072762597418662699e+04 -1.603420940924588649e+02
-2.910415864714999771e+03 -2.652415028342494770e+04 -1.760731136040594720e+02
-2.960430218576553671e+03 -2.648883554749898394e+04 -1.759486679291985638e+02
-2.911516435556222859e+03 -2.648387565831439133e+04 -1.759054743441174651e+02
-2.863766214380982092e+03 -2.646594445064182946e+04 -1.758090924658772565e+02
-2.974932061581590460e+03 -2.645148375965269224e+04 -1.757996712930689682e+02
-2.912663574043002882e+03 -2.641408851717837388e+04 -1.756152506289381563e+02
-3.912051364957469559e+03 -3.358223960057242948e+04 -2.100209544288354664e+02
-3.967011386034534553e+03 -3.356536473284829844e+04 -2.099656353657719592e+02
-3.867604599733269424e+03 -3.355421904978617385e+04 -2.098457043316484487e+02
-3.929496049760255119e+03 -3.353327077938888397e+04 -2.097728232528133958e+02
-3.982351694159580802e+03 -3.352511005574039154e+04 -2.097624830689528608e+02
-3.901090583903915103e+03 -3.350495928211071441e+04 -2.096059168568081077e+02
-1.491589493413589480e+02 8.154432371288838112e+03 -1.252388777301475784e+02
-1.894256680204198346e+02 8.172351438659946325e+03 -1.252629879529608843e+02
-2.300205610697998964e+02 8.179281274702487281e+03 -1.252732465239778321e+02
-1.425545107444813766e+02 8.201734979577315244e+03 -1.252996627895008714e+02
-1.833087467459611162e+02 8.216800972161050595e+03 -1.253201854277026541e+02
-2.153594735474996469e+02 8.248743965983792805e+03 -1.253626110817740482e+02
4.054384946779067377e+03 1.137879116342478119e+04 -1.314853846614314534e+02
4.013676381898161253e+03 1.139749262808929961e+04 -1.314932028193907172e+02
4.059493726905234325e+03 1.142405866469623652e+04 -1.315699308415696578e+02
4.020843291483561188e+03 1.143851367267264504e+04 -1.315714933105200544e+02
4.102642719551008668e+03 1.144447827360179508e+04 -1.316342997415395075e+02
4.049436017906124107e+03 1.149121826041704298e+04 -1.316847526144447329e+02
-3.964421368013065148e+03 1.237276012010364138e+04 -1.332882737836662272e+02
-3.873893699742590343e+03 1.238092859150928052e+04 -1.332486103772953356e+02
-3.925583818680133845e+03 1.240320535769901289e+04 -1.333236781260002317e+02
-3.883275635329429406e+03 1.244120691219605578e+04 -1.333721562482669469e+02
-3.984146121996902366e+03 1.244487064555807410e+04 -1.334415071544772218e+02
-3.922881737075096680e+03 1.244984917119610691e+04 -1.334133193024954380e+02
-8.404149972697432531e+03 1.546828198423133654e+04 -1.443779739292394879e+02
-8.357926525191709516e+03 1.548066110843705246e+04 -1.443474508581384725e+02
-8.429124693381962061e+03 1.550232584916861924e+04 -1.444939509664745856e+02
-8.382152782148536062e+03 1.552692328586186159e+04 -1.444922025551277329e+02
-8.425814278052963346e+03 1.555325869791856348e+04 -1.446141599299508016e+02
-8.378528032055255608e+03 1.556937693752304767e+04 -1.445914195303002998e+02
-1.386399842867401458e+04 1.803457429392895210e+04 -1.606743819399507629e+02
-1.382837051754509230e+04 1.805377359351126870e+04 -1.606516610712296824e+02
-1.386165971967353471e+04 1.809000015331703617e+04 -1.608270010208279928e+02
-1.390458907563184039e+04 1.809299661709402790e+04 -1.609289212263101945e+02
-1.383442602727562189e+04 1.812958592332411718e+04 -1.608808379515812703e+02
-1.389829115557049954e+04 1.814182660639767346e+04 -1.610545599455126649e+02
-2.182735760925629074e+04 1.321988175413339923e+04 -1.710884612869886041e+02
-2.176787081656656301e+04 1.323812214844242772e+04 -1.709233086775211632e+02
-2.186443235961566825e+04 1.326410615546898225e+04 -1.713076106994785732e+02
-2.181769683170626740e+04 1.327302758197571893e+04 -1.711663249200119026e+02
-2.178157572674663243e+04 1.329151131454603274e+04 -1.710816231343569598e+02
-2.186161623067900291e+04 1.331612331493805686e+04 -1.714068621360938778e+02
-3.107860237295967818e+04 2.470319188973844939e+04 -2.437318554977646272e+02
-3.100185809271666585e+04 2.473132431364644435e+04 -2.434681476189143723e+02
-3.106635432571902493e+04 2.475343175505835825e+04 -2.438679278899544443e+02
-3.101306831377549679e+04 2.477431920914889270e+04 -2.436902575576314121e+02
-3.110716752721345983e+04 2.478049214578394458e+04 -2.441722947825655865e+02
