-1.606385796477823053e+06 2.334708760415072553e+06
-1.606772995016793255e+06 2.335283079880539328e+06
-1.606449450474910438e+06 2.335228376519894227e+06
-1.606130386698365211e+06 2.334940343322914094e+06
-1.605588362792869098e+06 2.334661545332401060e+06
-1.605697622860094998e+06 2.335065691130505875e+06
-1.605813382008366287e+06 2.335222515609410591e+06
-1.605215954015852883e+06 2.334640698011885397e+06
-1.605866704376944806e+06 2.335450960467871279e+06
-1.605286136020643637e+06 2.334847758014197461e+06
-1.605704951521274634e+06 2.335322960216421634e+06
-1.605897723684055265e+06 2.335566525612117723e+06
-1.605464503545461223e+06 2.335125077000291087e+06
-1.605124245441593695e+06 2.335166723488583229e+06
-1.605307984238435514e+06 2.335497324652466923e+06
