-3.389412595999999667e+01 -7.127516484000000219e+02
1.593453511000000056e+01 -7.006757482000000437e+02
9.482335836000000739e+00 -6.870764745999999832e+02
3.782617817999999943e+01 -7.358760817999999517e+02
1.073987943000000023e+01 -6.595673637999999528e+02
-2.062042134000000004e+01 -6.339073418000000402e+02
-4.364407228000000316e+01 -6.527424612999999454e+02
-5.940429340000000025e+01 -6.675717395000000352e+02
-7.447461586999999383e+01 -6.846574594999999590e+02
-9.314292453999999566e+01 -7.459594809000000168e+02
-1.054387377000000043e+02 -7.550033570000000509e+02
-2.604186156999999824e+01 -7.261888087999999470e+02
2.382622675999999995e+00 -7.632855571999999711e+02
1.710537160000000156e+01 -7.665338028999999551e+02
-8.006703000999999631e+01 -7.803740238000000318e+02
-6.350521219000000173e+01 -7.868199567999999999e+02
-1.965399721000000000e+01 -7.945952313999999888e+02
-1.523355240999999971e+00 -7.889452581000000464e+02
3.035174917000000150e+01 -7.739188067999999703e+02
-4.535024699000000226e+01 -8.463972056000000066e+02
-5.289167607999999632e+00 -8.628538257999999814e+02
-7.954380247999999654e+01 -8.289397966000000224e+02
-5.471181707000000216e+01 -6.166892211000000543e+02
-1.405072279999999978e+02 -6.511640801999999439e+02
-1.595516084999999862e+02 -7.894690248000000565e+02
1.080977936000000028e+02 -7.628666359000000057e+02
8.909395347999999615e+01 -5.999596999999999980e+02
-2.051490474999999947e+02 -7.246895117000000255e+02
1.037166565999999932e+02 -8.479917404000000261e+02
-6.264949424999999650e+01 -5.190658412000000226e+02
-1.360704531000000088e+02 -9.020861115999999811e+02
2.109519611999999995e+02 -7.603395825000000059e+02
-2.016202627000000120e+02 -5.075851382999999828e+02
1.496052589999999896e+02 -4.915834662999999978e+02
-3.205652289999999880e+02 -7.638611243999999942e+02
-7.116718633000000693e+01 -4.273935078999999746e+02
-1.157063626000000056e+02 -1.075443395999999893e+03
2.784170756999999981e+02 -5.715711320999999998e+02
1.595060550999999975e+02 -1.067094352999999956e+03
2.109983373999999969e+02 -8.834663620999999694e+02
-3.709743358000000057e+02 -6.041237343000000237e+02
2.889945077000000140e+01 -3.054170846000000097e+02
-3.225251718999999753e+02 -1.004125527000000034e+03
