-1.605380509153388906e+06 2.335277917428886518e+06
-1.605364766434897203e+06 2.335271982147623785e+06
-1.605380794275450055e+06 2.335291804318998009e+06
-1.605354009665220510e+06 2.335270717734769918e+06
-1.605355584991207346e+06 2.335277324848443270e+06
-1.605341310327546671e+06 2.335268278764436021e+06
-1.605353042358106468e+06 2.335283273890706711e+06
-1.605347315393452998e+06 2.335277923519486561e+06
-1.605357174511708319e+06 2.335297680332968011e+06
-1.605343134937367868e+06 2.335282351261590607e+06
-1.605346034209410194e+06 2.335287434101548977e+06
-1.605332454262343701e+06 2.335276539575810544e+06
-1.605325597434768453e+06 2.335269626081928611e+06
-1.605331687085348647e+06 2.335285504631227814e+06
-1.605338119137266651e+06 2.335298219956923276e+06
