-8.494703874000000710e+00 1.555405058999999994e+02
-1.646856138000000058e+01 1.515796888000000138e+02
-9.344560890000000342e+00 1.459629955000000052e+02
3.607373083999999785e+00 1.507779357000000005e+02
-2.581776491000000107e+01 1.596977598000000000e+02
-2.353686283000000046e+01 1.456823771999999906e+02
2.555189808999999812e+00 1.603895200999999986e+02
-9.716600529999999125e+00 1.650893839000000014e+02
-1.857585171999999929e+01 1.651050117000000057e+02
-1.894035197999999909e+01 1.372132702000000108e+02
-1.104613332999999997e+01 1.330158385999999950e+02
-1.185871158000000092e+00 1.424192363999999884e+02
2.486233443000000154e+00 1.684663338000000010e+02
-9.785640327999999499e+00 1.731667295999999965e+02
-1.864455466000000072e+01 1.731923846999999910e+02
-1.887106032000000155e+01 1.291160180999999909e+02
-8.887874452000000147e+00 1.252250283999999994e+02
6.143228130000000231e-01 1.344455355999999995e+02
-4.770744000999999912e+01 1.782504006000000061e+02
-4.219637263999999988e+01 1.187356352999999984e+02
2.431669631999999837e+01 1.253087268000000023e+02
2.434422808000000060e+01 1.808653749000000062e+02
