-4.892121018307945691e+06 1.841886809619648615e+06
-4.892107111782585271e+06 1.841887951036994113e+06
-4.892113424261813052e+06 1.841875371872492367e+06
-4.892121553627002984e+06 1.841863608218804700e+06
-4.892127352065184154e+06 1.841852161733560031e+06
-4.892113795978621580e+06 1.841888304766537156e+06
-4.892115716099243611e+06 1.841898065996712539e+06
-4.892135832030351274e+06 1.841853975186649244e+06
-4.892130416939852759e+06 1.841885491863773670e+06
-4.892137289181402884e+06 1.841875368625289062e+06
-4.892103194133858196e+06 1.841881262895717286e+06
-4.892121000970838591e+06 1.841874820249125594e+06
-4.892110081263286993e+06 1.841866955070097931e+06
-4.892129235659958795e+06 1.841864197104246588e+06
-4.892128960850895382e+06 1.841875832469932735e+06
-4.892123709020419978e+06 1.841894593738883035e+06
-4.892116569855477661e+06 1.841858218458454357e+06
-4.892107302736208774e+06 1.841899355941058602e+06
-4.892135046029519290e+06 1.841867213999195024e+06
