-1.605697622860094998e+06 2.335065691130505875e+06
-1.605813382008366287e+06 2.335222515609410591e+06
-1.605628484210707247e+06 2.335157028743322007e+06
-1.605657826133949216e+06 2.335254143382445909e+06
-1.605704951521274634e+06 2.335322960216421634e+06
-1.605840379461843520e+06 2.335540339131565765e+06
-1.605562492003582418e+06 2.335231979678196833e+06
-1.605464503545461223e+06 2.335125077000291087e+06
-1.605490933074649889e+06 2.335172348824244924e+06
-1.605574174946053885e+06 2.335334904135129414e+06
-1.605659009807620663e+06 2.335434416067936458e+06
-1.605407735777573660e+06 2.335289354522015899e+06
-1.605334702313986607e+06 2.335249916141069494e+06
-1.605124245441593695e+06 2.335166723488583229e+06
-1.605307984238435514e+06 2.335497324652466923e+06
