-8.494703874000000710e+00 1.555405058999999994e+02
-1.646856138000000058e+01 1.515796888000000138e+02
-9.344560890000000342e+00 1.459629955000000052e+02
3.607373083999999785e+00 1.507779357000000005e+02
-2.581776491000000107e+01 1.596977598000000000e+02
-2.353686283000000046e+01 1.456823771999999906e+02
2.486233443000000154e+00 1.684663338000000010e+02
-9.785640327999999499e+00 1.731667295999999965e+02
-1.864455466000000072e+01 1.731923846999999910e+02
-1.887106032000000155e+01 1.291160180999999909e+02
-8.887874452000000147e+00 1.252250283999999994e+02
6.143228130000000231e-01 1.344455355999999995e+02
