6.277898100000000559e+05 7.453079620000000112e+06
6.278013100000000559e+05 7.453100269999999553e+06
6.278181600000000326e+05 7.453068349999999627e+06
6.278486199999999953e+05 7.453047469999999739e+06
6.278445200000000186e+05 7.453070450000000186e+06
6.278396899999999441e+05 7.453091259999999776e+06
6.278142600000000093e+05 7.453128290000000037e+06
6.278033000000000466e+05 7.453138639999999665e+06
6.278612600000000093e+05 7.453055910000000149e+06
6.278603100000000559e+05 7.453071139999999665e+06
6.278247199999999721e+05 7.453089410000000149e+06
6.278404000000000233e+05 7.453118330000000075e+06
6.278348499999999767e+05 7.453132370000000112e+06
6.278037399999999907e+05 7.453158269999999553e+06
6.277823599999999860e+05 7.453066469999999739e+06
6.277625899999999674e+05 7.453069820000000298e+06
6.277801300000000047e+05 7.453100259999999776e+06
6.277805799999999581e+05 7.453139650000000373e+06
6.277647099999999627e+05 7.453124969999999739e+06
6.277495100000000093e+05 7.453108030000000261e+06
6.277367199999999721e+05 7.453060580000000075e+06
6.277303399999999674e+05 7.453046950000000186e+06
6.277672500000000000e+05 7.453147059999999590e+06
6.277532199999999721e+05 7.453136799999999814e+06
6.277553800000000047e+05 7.453094179999999702e+06
6.277280200000000186e+05 7.453097990000000224e+06
6.277204200000000419e+05 7.453073190000000410e+06
6.277179799999999814e+05 7.453038019999999553e+06
6.277975400000000373e+05 7.453066129999999888e+06
6.278080000000000000e+05 7.453045889999999665e+06
6.277720999999999767e+05 7.453045879999999888e+06
6.277428100000000559e+05 7.453027709999999963e+06
6.277590500000000466e+05 7.453021540000000037e+06
6.277808199999999488e+05 7.453014650000000373e+06
6.278256199999999953e+05 7.453028830000000075e+06
6.278403000000000466e+05 7.453025459999999963e+06
6.277431099999999860e+05 7.453012459999999963e+06
6.277595999999999767e+05 7.453005879999999888e+06
6.277866199999999953e+05 7.453030280000000261e+06
6.278033399999999674e+05 7.452997740000000224e+06
6.278215000000000000e+05 7.453003230000000447e+06
6.278534699999999721e+05 7.453017969999999739e+06
6.278171099999999860e+05 7.452929429999999702e+06
6.277432199999999721e+05 7.452963940000000410e+06
6.278502399999999907e+05 7.452964570000000298e+06
6.278229699999999721e+05 7.453175169999999925e+06
6.277698299999999581e+05 7.453175759999999776e+06
6.279080300000000279e+05 7.453093250000000000e+06
6.276838299999999581e+05 7.453142049999999814e+06
6.276636300000000047e+05 7.453004049999999814e+06
