5.243324875856457278e+06 3.577646587468959857e+06
4.386356620088823140e+06 4.620371520206241868e+06
4.539543973054804839e+06 7.022491971334718401e+05
5.074644554290995933e+06 3.513105622936616652e+06
3.908869785965480376e+06 3.407983492278272752e+06
4.247887394717040472e+06 4.331523233550521545e+06
5.400355263273219578e+06 3.396832832356316969e+06
3.445200632408834063e+06 5.151976769006080925e+06
5.411145400355190039e+06 3.266314647096288390e+06
5.127953526487265714e+06 3.756810782633746043e+06
