2.235710476808431122e+04 1.009978140659663268e+03
3.162659155113290763e+04 -3.367416657002608554e+04
1.046064195722863951e+05 -1.335616633480129894e+04
1.441349038201705262e+05 -8.661702293813604047e+04
1.914833427174500248e+05 -1.030469579529826296e+05
2.812920422503030277e+05 -1.258375781674853788e+05
4.057900917855356820e+05 -1.109957063303395989e+05
4.992027646724040969e+05 -8.533365928351903858e+04
5.932663631070409901e+05 -4.002409746989222913e+04
1.224896145161846653e+05 1.977680348818923812e+05
-9.142610847171123169e+03 -2.034323321973616839e+04
-8.342082316490032099e+02 -4.327034112906113296e+04
1.413129649222789885e+04 -7.944951469356329471e+04
3.181858478346871561e+04 -1.395279884502171481e+05
9.225429747204296291e+04 -1.938525172412174870e+05
1.489765597948168288e+05 -2.486956279947166913e+05
2.120080320027933922e+05 -3.175074910163228633e+05
3.502678762860039133e+05 -3.667878661732805776e+05
4.903810287638132577e+05 -3.366111918713519117e+05
-2.580980412713365877e+04 -1.158464004293062135e+04
-3.354937991400714964e+04 -4.066820819727230264e+04
-4.804798066249028489e+04 -6.412093998028484930e+04
-9.254709767044254113e+04 -1.201039167937406019e+05
-1.064121004672327545e+05 -1.660441277970966185e+05
-9.125120493633569276e+04 -2.264151172945692379e+05
-8.462535129509339458e+04 -2.817636127055817633e+05
-8.758843466779486334e+03 -4.184044031921405694e+05
1.170234940359135217e+05 -5.176607305258652195e+05
-3.255453283670189558e+04 4.180259107116816267e+03
-6.392006525324561517e+04 -7.623939899615749709e+03
-1.030652507151504105e+05 -2.408814509690678824e+04
-1.591797043972819520e+05 -5.264701850999077578e+04
-1.977710883438772289e+05 -1.242451806863237725e+05
-2.060395190913522383e+05 -1.887181576642341679e+05
-2.076658974799852003e+05 -2.848231413738341653e+05
-2.109662989841932431e+05 -4.327325618272947613e+05
-7.448208786708051048e+04 -6.181002238302181941e+05
-1.936605041513938704e+04 3.020451612611690143e+04
-4.763111727432212501e+04 3.311261174759001005e+04
-9.818999537560937461e+04 8.557502146741215256e+04
-1.582071685066306964e+05 2.214016446665913099e+04
-2.305865814924004953e+05 1.708888053202249284e+04
-2.757992063048475538e+05 -3.572437315517460229e+04
-3.269598401387500926e+05 -1.285392713829274871e+05
-3.791374873724482604e+05 -2.192469686924319249e+05
-4.271737842514039949e+05 -3.563129576005453710e+05
-3.177260452136471940e+03 1.167747285310560619e+04
-3.617212311579053676e+03 1.248099961514750612e+04
-4.291002894397029195e+03 1.333198930746968108e+04
-5.235556064564252665e+03 1.419039754685887237e+04
-6.660721256345460461e+03 1.494970742359916767e+04
-8.421358388197855675e+03 1.547017314388960767e+04
-1.059825787282431156e+04 1.555531454637008028e+04
-1.314008644897894555e+04 1.528189661026872818e+04
-1.632437369369483349e+04 1.463317906803211190e+04
-1.955495542138445671e+04 1.259818269921831961e+04
-2.318722558143288916e+04 9.141857369138386275e+03
-1.409098361010355120e+03 9.363997018582547753e+03
-8.632688865482226674e+02 9.963890520787414061e+03
-2.316119348513188925e+02 1.092508719916801965e+04
2.164936372195882086e+02 1.246967241903136346e+04
2.993685128159409032e+02 1.378905120409561459e+04
2.930950314710680686e+02 1.581322270960449896e+04
-2.436040636998541231e+01 1.804054584791533489e+04
-1.091165613845851112e+03 2.064643458142000236e+04
-2.869296614822076663e+03 2.314596161261205270e+04
-5.906021842180658496e+03 2.605491183468341478e+04
-9.456403048539370502e+03 2.848118235852540238e+04
-2.895409534464263743e+03 6.798953191887246248e+03
-2.169805166115234442e+03 6.417835280942815189e+03
-1.175942796052348058e+03 6.073979650552177191e+03
6.636753811337507614e+01 6.074183388890357492e+03
1.582673554135900986e+03 6.382981823837202683e+03
3.371746526634898146e+03 6.835820993174538671e+03
5.527944547799363136e+03 8.138329631799202616e+03
7.357285566955243667e+03 1.001683968529100275e+04
9.208137019488063743e+03 1.247021047191985781e+04
1.091217114514950663e+04 1.651941656638008499e+04
-5.594847243043467643e+03 7.525698130495078658e+03
-5.666772633496508206e+03 6.635726547298711012e+03
-5.622261195019573279e+03 5.396924065997249272e+03
-5.287622587048933383e+03 4.058193576518776808e+03
-4.650753326235305394e+03 2.796309377800536822e+03
-3.481222116987756181e+03 1.194188823756581996e+03
-2.051600072241101770e+03 -4.859817951796176203e+02
6.517191600465788497e+02 -1.902051858935716382e+03
3.616488190247181592e+03 -2.793725963084929390e+03
6.843383144043735228e+03 -2.885266165764332982e+03
1.131401007295294221e+04 -2.979684109558052114e+03
-5.796851319620078357e+03 1.050877261759124485e+04
-6.643019559354984267e+03 1.036531575536919081e+04
-7.598947863095020693e+03 1.004172949045724090e+04
-8.717574292194602094e+03 9.248283521155139169e+03
-9.617351379765919773e+03 8.130224834928481869e+03
-1.084600467116102482e+04 6.284959713054055101e+03
-1.168819701149610955e+04 4.010621508304828694e+03
-1.231906339052298426e+04 1.680317693855100515e+03
-1.228294194863074881e+04 -2.054739748380276978e+03
-1.166308170583072206e+04 -6.186740082140018785e+03
-9.737964635573092892e+03 -1.078773198391543156e+04
-3.893529466209516613e+03 9.150657184942416279e+03
-3.665604997572023876e+03 9.241961427147711220e+03
-3.768069558391960527e+03 9.075502381375576078e+03
-3.796757954172247992e+03 9.367976183213984768e+03
-3.666594949489889586e+03 9.307937050385960902e+03
-3.932612105785785843e+03 9.104128510909171382e+03
-3.928711304445723272e+03 9.292697467824018531e+03
-3.787207499448161798e+03 9.148151796456440934e+03
-3.796640319752654705e+03 9.017719744898156932e+03
-3.834620761157538254e+03 9.252710656839568401e+03
-3.872467135240773132e+03 9.224754999961754947e+03
-3.728780801772686573e+03 9.248233225281410341e+03
-3.768008563842488002e+03 9.251427803900745857e+03
-3.723297161084046820e+03 9.106554865921270903e+03
-3.698427214168195860e+03 9.429118963608721970e+03
-3.893623935938973318e+03 9.414051102609684676e+03
-3.815038296195827570e+03 9.093458065048816934e+03
-3.690535537373652005e+03 8.951711407833969133e+03
-3.741419886054613471e+03 8.946051302913372638e+03
-3.859624507934438952e+03 8.931550693348412096e+03
-3.618401195658483630e+03 9.404874082191792695e+03
-3.506887324330576575e+03 9.046006151064788355e+03
-3.776430678908592199e+03 8.900128460723808530e+03
-3.963224429470497398e+03 9.133815606174744971e+03
-3.603696306097867819e+03 9.205384839246144111e+03
-3.969151034159262963e+03 9.289305631152028582e+03
-3.598767226960883818e+03 9.250913622564581601e+03
-3.590571876701354086e+03 9.072743651767561460e+03
-3.630334652416389872e+03 9.031206133935698745e+03
-3.858434784009748455e+03 8.973501241393862074e+03
-3.931976166563638799e+03 9.012791765889676753e+03
-4.142809253884192913e+03 9.405887016411888908e+03
-3.884784729890762719e+03 9.580357103745565837e+03
-4.246897433516133788e+03 9.236564386003556137e+03
-3.743935850668306557e+03 9.609397632945656369e+03
-3.617022861932546675e+03 8.737244183372737098e+03
-3.362659662010237298e+03 9.003006306505221801e+03
-4.270619624738061248e+03 8.962916230445698602e+03
-4.046453750746036349e+03 9.657651605983422996e+03
-3.924974608323618668e+03 8.909256655982248049e+03
-3.582160207961598644e+03 8.952865910571041240e+03
-3.501515895553727205e+03 9.413897836573356471e+03
-4.109583297664221391e+03 9.233076139182006955e+03
-3.425887758296755237e+03 9.277176056598163996e+03
-3.745678883863785813e+03 8.869525381501814991e+03
-3.597314871071028847e+03 9.524840518178461934e+03
-4.094926605257297524e+03 8.988348489530062579e+03
-3.294513317432874828e+03 9.503405713607733560e+03
-4.238782250056866360e+03 8.804265357904925622e+03
-3.865254914411965729e+03 8.664900340857289848e+03
-4.627763271801563860e+03 9.546811636451486265e+03
-2.968853675470707003e+03 8.798912619519929649e+03
-4.493578067518639727e+03 9.768073370917165448e+03
-4.226477517790543061e+03 8.447332724148382113e+03
-2.915768432767252762e+03 9.173397390972171706e+03
-3.808396004926752539e+03 1.004143511809190204e+04
-2.977780343879459906e+03 9.447933328335002443e+03
-3.579930368831222040e+03 9.987677293122824267e+03
-3.372358907707437083e+03 7.079060754441657082e+03
-2.941739663072102303e+03 1.118739789598887728e+04
-4.482160376046386773e+03 1.120123128820041165e+04
-5.421978354647440938e+03 1.007331705949725438e+04
-2.696953736797347119e+03 7.822351564726521246e+03
-2.064933532345623917e+03 8.937983690487852073e+03
-4.356546843103351421e+03 1.052849631860952468e+04
-3.995155689822074237e+03 1.062729978854112233e+04
-2.449239769647243975e+03 8.697306034419256321e+03
-3.884684130290023859e+03 7.470023511879378930e+03
-4.350113838342698728e+03 7.582126748049058733e+03
-5.510191252300132874e+03 9.371151470670400158e+03
-2.167834650499259624e+03 9.777249825625365702e+03
-5.243524405497802945e+03 1.009831476652808487e+04
-2.433379701564535935e+03 1.079778256606813193e+04
-3.280998759973649612e+03 1.109206500266483636e+04
-4.933640372064015537e+03 1.075815999438168546e+04
-4.588367520205365508e+03 7.441462074234465945e+03
-2.277718832409804236e+03 8.004784963116730069e+03
-5.205297162106375254e+03 7.969560108450634289e+03
-2.187213270601811928e+03 8.344465901676197973e+03
-2.605731756385820518e+03 1.063178269158628063e+04
-2.841306933935574762e+03 1.040172355531099311e+04
-2.323277877413516762e+03 9.086854575147584910e+03
-2.529923817958499967e+03 9.948644905270755771e+03
-4.721923947897774269e+03 9.323285956833376986e+03
-3.246327565504560880e+03 8.436584081450797385e+03
-4.094902123164036766e+03 8.321016819748183480e+03
-5.046505845196312293e+03 9.779233044134285592e+03
-3.974549232457047765e+03 1.043587739351584969e+04
-3.662262551888563394e+03 7.981080417621209563e+03
-3.171852811456737072e+03 8.212914810351703636e+03
-4.907957433464003770e+03 9.395490936759346368e+03
-2.757273298869583414e+03 9.675468819627310950e+03
-4.487768610527058627e+03 8.316771001688541219e+03
-4.914479655449898928e+03 9.174707269315164012e+03
-3.684715732342581759e+03 8.415602165794784014e+03
-3.087068453310061159e+03 8.840054860629192262e+03
-3.217280257511787113e+03 8.678288237874530751e+03
-3.436905729311764389e+03 8.531837050570247811e+03
-3.886462059685802160e+03 9.878926495396652172e+03
-5.202208844886824409e+03 9.150272144252563521e+03
-4.226934370189394940e+03 7.859885780809426251e+03
-4.670331564520573011e+03 1.065054366332944483e+04
-3.366974839816675740e+03 7.700053377968618406e+03
-2.491309175941705234e+03 8.087612825974474617e+03
-3.617331675162343345e+03 1.079794822584438407e+04
-4.817341723670590000e+03 7.983646379802965384e+03
-5.308797284107835367e+03 8.776701099445790533e+03
-3.212296888950274024e+03 1.065106457229155058e+04
-5.098510824918876096e+03 8.392663712228393706e+03
-4.672109791844729443e+03 9.781070195130418142e+03
-3.293477830853073101e+03 1.011607848538137659e+04
-3.376971033233248363e+03 8.278613648105985703e+03
-4.712849054135531333e+03 8.878222146098512894e+03
-4.101626011508772535e+03 1.012260710562437271e+04
