5.543530129999999900e+01 1.972317522000000167e+01
7.732651615000000334e+01 -1.547737760000000051e+01
5.024060941999999841e+01 6.083113893000000161e+01
-4.259313729999999687e+00 2.822428907999999836e+01
-3.150495352000000082e+01 6.457049806999999930e+01
-5.639987891999999903e+01 2.550905330999999876e+01
-6.379576618000000110e+01 6.200161969999999911e-01
1.345860758000000068e+01 -5.790196848999999979e+00
-1.183400493999999981e+01 -2.627567729000000085e+01
-5.850273514000000397e+00 -1.259985379000000023e+02
3.421077978000000286e+01 -1.424552365000000123e+02
-4.004395462000000094e+01 -1.085404060999999984e+02
6.707411455000000444e+01 -1.069983052999999984e+02
1.475980026999999950e+02 -4.246823003000000085e+01
1.285951114000000075e+02 1.204390771000000058e+02
-1.656487132000000031e+02 -4.288936301999999756e+00
-2.314896500000000046e+01 2.013332117999999866e+02
-9.657074894999999515e+01 -1.816859377000000109e+02
1.990503319999999974e+02 6.347818477999999942e+01
-1.856991796000000079e+02 9.344030557000000670e+01
9.825000015000000531e+01 -2.192707857000000047e+02
6.888900950999999395e+01 2.398054123999999945e+02
2.504523668999999870e+02 -3.994240546000000336e+01
-1.621188964000000112e+02 2.128152640000000133e+02
1.891065815000000043e+02 2.288136291000000142e+02
-2.810649270999999771e+02 -4.346060614999999672e+01
2.504983809999999949e+02 -1.630688394999999957e+02
-3.166540785999999841e+01 2.930053335000000061e+02
-7.620617038999999693e+01 -3.550435200000000009e+02
3.179177745999999729e+02 1.488255163000000039e+02
-3.314738454999999817e+02 1.162758603000000051e+02
6.839994242999999585e+01 4.149817674000000238e+02
-2.830251223000000209e+02 -2.837251764999999750e+02
-3.657346145000000206e+02 3.782567025999999828e+02
