2.204659589999999980e+01 1.078995867999999980e+01
3.407993959000000217e+01 -3.391862607999999835e+00
5.543530129999999900e+01 1.972317522000000167e+01
1.860625963000000027e+01 6.683839826000000528e+01
7.732651615000000334e+01 -1.547737760000000051e+01
5.591553453000000218e+01 4.682567974999999905e+01
5.024060941999999841e+01 6.083113893000000161e+01
1.888013305999999858e+01 8.649162757000000568e+01
3.278896049000000090e+01 3.544741771000000341e+01
-1.080422027000000007e+01 9.190034674999999709e+00
-4.259313729999999687e+00 2.822428907999999836e+01
-1.990369336999999916e+01 5.282680652999999893e+01
-3.497430940000000277e+01 3.574249598000000105e+01
-4.737263533000000137e+01 -1.186280086000000011e+01
-3.150495352000000082e+01 6.457049806999999930e+01
-5.639987891999999903e+01 2.550905330999999876e+01
-6.379576618000000110e+01 6.200161969999999911e-01
-6.593883390999999961e+01 -3.460348783999999966e+01
-3.740232290000000148e+01 2.226137174000000218e+00
1.345860758000000068e+01 -5.790196848999999979e+00
-1.183400493999999981e+01 -2.627567729000000085e+01
-4.099650540999999748e+01 -4.471276927000000256e+01
4.188285180999999824e+01 -4.288590519000000256e+01
5.660599031999999653e+01 -4.613511077999999799e+01
2.833032901000000159e+00 -4.176763393000000235e+01
-5.850273514000000397e+00 -1.259985379000000023e+02
3.421077978000000286e+01 -1.424552365000000123e+02
-4.004395462000000094e+01 -1.085404060999999984e+02
-1.521068338000000075e+01 1.037095627000000064e+02
1.238238479000000041e+02 2.229677914000000172e+01
-1.010065464000000048e+02 6.923582577000000526e+01
-1.200516036000000071e+02 -6.906984556000000453e+01
1.475980026999999950e+02 -4.246823003000000085e+01
-7.936662090000000092e+01 1.377899820000000091e+02
5.254480729000000139e+01 1.605842591999999911e+02
