537.407471 -40.486412 2.084539
-81518.942906 44530.384170 -814.662620
12745.904291 16854.671868 -94.135184
11928.743437 10040.228975 -10.021876
-6672.048799 8241.035316 -45.465766
-11309.111913 7666.852870 -60.177725
-16003.320701 5976.106699 -52.312961
1754.217079 2912.492770 -13.975201
-20404.642587 2894.094012 -39.900673
10284.647663 1985.645611 60.509591
-1305.285452 1348.814843 -13.763535
-455.472738 1171.915397 -10.611253
-2131.259788 1146.765701 -10.817086
1991.445723 1121.955934 -5.657632
63.914413 880.746136 -6.139302
-2896.385842 750.955083 -8.119149
-269.541065 710.536768 -6.273040
143.531207 566.169305 -3.774809
1765.416018 463.458581 -0.139312
-307.742943 444.859354 -4.670893
-11.135908 407.051909 -3.021243
-835.783117 435.988016 -7.047887
-207.321523 247.932567 -2.875958
126.233036 194.820791 -0.902658
-451.465296 182.614832 -3.657336
812.151565 132.584839 0.887783
53.323017 121.970760 -0.980729
-138.615819 99.793001 -1.791403
-21.865418 90.701238 -1.030789
60.824527 81.165191 -0.649952
10.938174 79.613130 -0.869958
-205.420541 57.213227 -1.843114
179.096504 41.356657 0.286198
-820.024266 30.682965 -4.523652
125.933787 -1.775554 0.216964
-181.017728 -2.774573 -1.033961
1397.872334 -7.438336 3.244934
12.758566 -44.687346 -0.084284
-360.651753 -53.231034 -1.755058
-19.863556 -56.440623 -0.095501
77.579552 -75.180476 0.481418
23.689756 -82.055335 0.351074
-579.190552 -87.836064 -2.775598
190.897242 -137.055119 1.613263
-24.039807 -205.468869 1.112344
352.640775 -216.673223 2.698683
-374.150890 -305.603543 -0.210238
1124.311370 -312.530229 5.359891
13.054905 -343.962691 1.896949
-590.212526 -360.278839 -1.673574
113.935177 -382.772720 2.538334
501.403123 -476.591108 5.120588
82.327644 -602.433335 3.898376
-713.404800 -644.702330 -1.094844
-343.539218 -703.009551 1.370457
331.775486 -810.345538 6.205181
-1049.291091 -885.737313 -0.095724
-948.690179 -1358.777693 3.375036
-589.777136 -1839.582135 7.004289
-4989.735028 -2596.734901 12.597565
826.509554 -2975.540047 22.953524
-1924.291706 -14266.835367 95.215266
1449.732364 -16895.446983 115.470561
6233.082659 -18491.762102 235.892063
