-1.137979806999999937e+03 9.995963548000000642e+00
3.863476964999999836e+02 -1.962095364999999902e+03
4.482469952999999805e+02 6.461269628000000012e+02
-1.275851495000000114e+03 -1.433665864999999940e+03
1.241720548999999892e+03 -1.079905150999999933e+03
-8.832209322999999586e+02 5.397100503000000344e+02
-1.243585508000000033e+02 -2.293772461000000021e+03
1.145061893999999938e+03 5.159088394000000335e+02
1.365742594000000054e+03 -1.889698288999999932e+03
-4.524801064000000110e+02 1.329185664999999972e+03
-1.175121587999999974e+03 -1.860249587000000020e+03
-1.340818846999999892e+02 -1.268798680999999988e+03
3.847919547999999850e+02 -3.674568568000000255e+02
-5.866863143000000491e+02 -4.287748674000000051e+02
2.280786999999999807e+03 1.505548000000000002e+03
3.681679000000000087e+03 1.562488000000000056e+03
3.515480000000000018e+03 1.921441000000000031e+03
2.972534999999999854e+03 1.946261999999999944e+03
3.930684999999999945e+03 2.533570000000000164e+03
4.329859000000000378e+03 2.839445999999999913e+03
4.127770999999999731e+03 3.145842000000000098e+03
3.827768000000000029e+03 3.659534999999999854e+03
3.691342000000000098e+03 4.644145000000000437e+03
4.868029999999999745e+03 5.781006999999999607e+03
5.196722999999999956e+03 7.567568000000000211e+03
6.452140999999999622e+03 7.886675000000000182e+03
1.691042999999999893e+03 -3.392262000000000171e+03
2.393143999999999778e+03 -4.995903000000000247e+03
3.339556999999999789e+03 -6.006990999999999985e+03
3.467338000000000193e+03 -2.819829000000000178e+03
3.507391000000000076e+03 -6.790525999999999840e+03
3.931032999999999902e+03 -2.632016000000000076e+03
4.763027000000000044e+03 -2.555539999999999964e+03
5.382372000000000298e+03 -6.092567000000000007e+03
6.293140999999999622e+03 -6.434118999999999687e+03
-7.597372999999999593e+03 -1.694070000000000107e+02
-6.487805000000000291e+03 1.129568999999999960e+03
-4.417980999999999767e+03 1.237383000000000038e+03
-3.072826000000000022e+03 1.356894000000000005e+03
-2.807876999999999953e+03 1.412597999999999956e+03
-1.958751999999999953e+03 3.405737999999999829e+03
-1.708957000000000107e+03 3.351726999999999862e+03
-1.195851000000000113e+03 2.825333999999999833e+03
